SNP.id	Chr	Pos	NonCoded.Allele	Coded.Allele	Beta	Se	Chi2	Log10BF	Coded.Af	Qual	ESampleSize	NGenes	Nmiss	Pval
null1_0	1	1	A	G	-0.139837	0.211075	0.438906	-0.314332	0.03325	1	128.578	1	2000	0.5077
null1_1	1	2	A	G	-0.0482453	0.0766285	0.396396	-0.71119	0.3862	1	948.198	1	2000	0.5289
null1_2	1	3	A	G	-0.0961806	0.092127	1.08994	-0.48562	0.2015	1	643.591	1	2000	0.2967
null1_3	1	4	G	A	-0.0347985	0.0762623	0.20821	-0.746305	0.365	1	927.1	1	2000	0.6482
null1_4	1	5	A	G	-0.0705298	0.0730651	0.931804	-0.605856	0.4402	1	985.696	1	2000	0.3344
null1_5	1	6	A	G	-0.0452066	0.0978921	0.213259	-0.644425	0.1727	1	571.499	1	2000	0.6443
null1_6	1	7	A	G	-0.0934319	0.0829032	1.27013	-0.492711	0.2788	1	804.282	1	2000	0.2598
null1_7	1	8	G	A	0.10075	0.102347	0.969043	-0.460615	0.1465	1	500.151	1	2000	0.3249
null1_8	1	9	A	G	-0.0462534	0.0727254	0.404496	-0.719388	0.4617	1	994.132	1	2000	0.5248
null1_9	1	10	A	G	0.0563803	0.0779057	0.523742	-0.680441	0.3688	1	931.146	1	2000	0.4693
null1_10	1	11	G	A	-0.011769	0.076621	0.023593	-0.78334	0.357	1	918.204	1	2000	0.8779
null1_11	1	12	A	G	0.204572	0.36118	0.320809	-0.157556	0.0095	1	37.639	1	2000	0.5711
null1_12	1	13	A	G	0.193921	0.180391	1.15562	-0.211946	0.04025	1	154.52	1	2000	0.2822
null1_13	1	14	A	G	-0.176618	0.10776	2.68632	-0.103705	0.1448	1	495.332	1	2000	0.1012
null1_14	1	15	A	G	0.0227395	0.0747027	0.0926594	-0.773779	0.378	1	940.464	1	2000	0.7608
null1_15	1	16	G	A	-0.0128826	0.101839	0.0160022	-0.662118	0.1502	1	510.56	1	2000	0.8993
null1_16	1	17	G	A	-0.0874115	0.244166	0.128164	-0.312841	0.0235	1	91.791	1	2000	0.7204
null1_17	1	18	G	A	-0.160169	0.108958	2.1609	-0.196807	0.131	1	455.356	1	2000	0.1416
null1_18	1	19	A	G	0.121332	0.0892149	1.8496	-0.324235	0.198	1	635.184	1	2000	0.174
null1_19	1	20	A	G	-0.136737	0.0723474	3.5721	-0.0492099	0.4783	1	998.116	1	2000	0.05876
null1_20	1	21	G	A	0.0449734	0.0763684	0.346803	-0.716532	0.3632	1	925.143	1	2000	0.5559
null1_21	1	22	A	G	0.0276152	0.100419	0.075625	-0.664848	0.1643	1	549.222	1	2000	0.7833
null1_22	1	23	G	A	-0.0383251	0.101443	0.142733	-0.640949	0.1548	1	523.348	1	2000	0.7056
null1_23	1	24	A	G	-0.026344	0.0902191	0.085264	-0.703818	0.2123	1	668.915	1	2000	0.7703
null1_24	1	25	G	A	-0.0877389	0.0760962	1.32941	-0.508195	0.3613	1	923.049	1	2000	0.2491
null1_25	1	26	A	G	-0.118896	0.0890608	1.78223	-0.360463	0.2313	1	711.201	1	2000	0.1819
null1_26	1	27	A	G	-0.0151136	0.0741592	0.0415344	-0.788914	0.3998	1	959.84	1	2000	0.8385
null1_27	1	28	G	A	-0.0267547	0.0731204	0.133883	-0.77796	0.493	1	999.804	1	2000	0.7144
null1_28	1	29	A	G	0.213497	0.0978896	4.75676	0.326929	0.1415	1	485.911	1	2000	0.02917
null1_29	1	30	A	G	-0.0397809	0.0784014	0.257455	-0.72316	0.3215	1	872.551	1	2000	0.6119
null1_30	1	31	A	G	-0.0437429	0.116461	0.141075	-0.596252	0.1192	1	419.965	2	2000	0.7072
null1_31	1	32	G	A	-0.0687072	0.0775039	0.785882	-0.621942	0.3565	1	917.631	2	2000	0.3754
null1_32	1	33	G	A	-0.51216	1.0967	0.218089	-0.0374847	0.0015	1	5.991	2	2000	0.6405
null1_33	1	34	G	A	0.0207825	0.145536	0.0203918	-0.527307	0.071	1	263.836	2	2000	0.8865
null1_34	1	35	G	A	-0.040822	0.117002	0.121731	-0.595423	0.116	1	410.176	2	2000	0.7272
null1_35	1	36	A	G	0.00299551	0.0810035	0.00136752	-0.805969	0.4875	1	999.375	2	2000	0.9705
null1_36	1	37	G	A	-0.0385329	0.124621	0.0956046	-0.564162	0.0945	1	342.279	2	2000	0.7572
null1_37	1	38	G	A	-0.0371828	0.0742616	0.2507	-0.748796	0.4278	1	979.149	2	2000	0.6166
null1_38	1	39	A	G	0.0158733	0.113543	0.019544	-0.633457	0.1278	1	445.869	2	2000	0.8888
null1_39	1	40	A	G	0.0760347	0.0746903	1.03632	-0.567392	0.3505	1	910.599	2	2000	0.3086
null1_40	1	41	A	G	-0.0440564	0.0919566	0.229537	-0.659098	0.1933	1	623.74	2	2000	0.6318
null1_41	1	42	A	G	-0.0590072	0.0741576	0.633138	-0.670921	0.4617	1	994.132	1	2000	0.4262
null1_42	1	43	G	A	-0.121151	0.0772156	2.46176	-0.271108	0.3715	1	933.951	1	2000	0.1167
null1_43	1	44	G	A	0.107957	0.0737916	2.14037	-0.346481	0.4123	1	969.235	2	2000	0.1436
null1_44	1	45	A	G	0.0751075	0.164385	0.208758	-0.434971	0.05225	1	198.08	2	2000	0.6478
null1_45	1	46	G	A	-0.158527	0.0741126	4.57532	0.162731	0.498	1	999.984	2	2000	0.0324
null1_46	1	47	G	A	0.0751075	0.0805442	0.869556	-0.580924	0.2875	1	819.375	2	2000	0.3511
null1_47	1	48	A	G	-0.0252152	0.0728764	0.119716	-0.78099	0.4958	1	999.929	2	2000	0.7293
null1_48	1	49	G	A	0.1415	0.0761979	3.44845	-0.0756465	0.4885	1	999.471	2	2000	0.06332
null1_49	1	50	A	G	0.0009995	0.0525224	0.000362141	-0.794952	0.3857	1	947.742	2	2000	0.9848
null1_51	1	52	G	A	0.0119286	0.0771576	0.0239012	-0.772681	0.322	1	873.264	2	2000	0.8771
null1_52	1	53	A	G	-0.0462534	0.0750014	0.380319	-0.713352	0.3802	1	942.592	2	2000	0.5374
null1_53	1	54	G	A	-0.407517	0.281824	2.09092	0.0291344	0.02175	1	85.1077	2	2000	0.1481
null1_54	1	55	G	A	-0.0746158	0.117357	0.404242	-0.533763	0.1135	1	402.471	1	2000	0.5249
null1_55	1	56	A	G	-0.00531409	0.0727759	0.00533192	-0.799488	0.418	1	973.104	1	2000	0.9418
null1_56	1	57	A	G	0.188138	0.102304	3.38192	0.0423034	0.1425	1	488.775	1	2000	0.06591
null1_58	1	59	G	A	0.0861777	0.0764665	1.27013	-0.525016	0.3802	1	942.592	1	2000	0.2596
null1_59	1	60	A	G	-0.0831642	0.0864853	0.924675	-0.54687	0.2422	1	734.157	1	2000	0.3362
null1_60	1	61	G	A	0.0554347	0.081895	0.458194	-0.657547	0.2657	1	780.414	1	2000	0.4985
null1_61	1	62	G	A	0.142367	0.0742656	3.67489	-0.0179572	0.3882	1	950.003	1	2000	0.0553
null1_62	1	63	G	A	-0.0842516	0.075834	1.23432	-0.53523	0.3937	1	954.801	1	2000	0.2664
null1_63	1	64	A	G	-0.0193867	0.0719092	0.0726842	-0.790039	0.4667	1	995.564	1	2000	0.7875
null1_64	1	65	A	G	-0.0131866	0.162857	0.00655614	-0.484994	0.0555	1	209.679	1	2000	0.9355
null1_65	1	66	A	G	-0.0888312	0.0759241	1.3689	-0.508599	0.4045	1	963.519	1	2000	0.2419
null1_66	1	67	A	G	0.00895974	0.131838	0.00461856	-0.548813	0.0785	1	289.351	1	2000	0.9458
null1_67	1	68	G	A	-0.0591133	0.076118	0.603108	-0.65976	0.3533	1	913.916	1	2000	0.4374
null1_68	1	69	G	A	0.0168571	0.0858743	0.0385337	-0.722231	0.2248	1	697.06	1	2000	0.8444
null1_69	1	70	G	A	-0.115074	0.0757566	2.30736	-0.304338	0.3742	1	936.697	2	2000	0.1287
null1_70	1	71	G	A	0.0178399	0.0772625	0.0533148	-0.77196	0.339	1	896.316	2	2000	0.8174
null1_71	1	72	A	G	0.131028	0.10919	1.44	-0.329886	0.1192	1	419.965	2	2000	0.2301
null1_72	1	73	A	G	0.076961	0.0842301	0.834848	-0.567447	0.2452	1	740.308	2	2000	0.3609
null1_73	1	74	A	G	0.157004	0.216437	0.526205	-0.269974	0.02775	1	107.92	2	2000	0.4682
null1_74	1	75	A	G	0.170586	0.115339	2.18744	-0.162076	0.1085	1	386.911	2	2000	0.139
null1_75	1	76	G	A	-0.129084	0.104946	1.5129	-0.353943	0.152	1	515.584	2	2000	0.2188
null1_76	1	77	A	G	0.001998	0.0960117	0.000433056	-0.749797	0.2577	1	765.163	2	2000	0.9834
null1_77	1	78	A	G	0.0980337	0.099719	0.966486	-0.470524	0.1552	1	524.452	2	2000	0.3256
null1_78	1	79	G	A	0.0295588	0.0829604	0.12695	-0.725262	0.2617	1	772.852	2	2000	0.7216
null1_79	1	80	G	A	0.494086	0.191062	6.6874	0.819353	0.0315	1	122.031	2	2000	0.009709
null1_80	1	81	G	A	0.0009995	0.0543798	0.000337824	-0.80352	0.4427	1	986.867	1	2000	0.9853
null1_81	1	82	A	G	-0.0524519	0.188067	0.0777852	-0.418958	0.0415	1	159.111	1	2000	0.7803
null1_82	1	83	A	G	-0.0633659	0.0735786	0.741665	-0.64487	0.4287	1	979.665	1	2000	0.3891
null1_83	1	84	G	A	0.0430595	0.0744073	0.334894	-0.735316	0.4913	1	999.697	1	2000	0.5628
null1_84	1	85	G	A	0.10616	0.262448	0.16362	-0.269367	0.0185	1	72.631	1	2000	0.6858
null1_85	1	86	A	G	-0.104361	0.0993914	1.1025	-0.461105	0.1747	1	576.72	1	2000	0.2938
null1_86	1	87	A	G	0.0563803	0.0713765	0.623942	-0.670088	0.431	1	980.956	1	2000	0.4296
null1_87	1	88	A	G	-0.0482453	0.0742807	0.42185	-0.7166	0.4798	1	998.368	1	2000	0.516
null1_88	1	89	G	A	0.0676586	0.0728688	0.862112	-0.620917	0.4432	1	987.095	1	2000	0.3531
null1_89	1	90	G	A	0.0305292	0.0781398	0.152646	-0.745818	0.323	1	874.684	1	2000	0.696
null1_90	1	91	G	A	0.0843411	0.0755745	1.24546	-0.530237	0.3802	1	942.592	1	2000	0.2642
null1_91	1	92	G	A	-0.0793679	0.0791305	1.00601	-0.576223	0.3598	1	921.376	1	2000	0.3159
null1_92	1	93	A	G	0.00299551	0.11442	0.000685392	-0.655426	0.1418	1	486.771	1	2000	0.9791
null1_93	1	94	G	A	0.0207825	0.0794136	0.0684869	-0.748619	0.2847	1	814.584	1	2000	0.7935
null1_94	1	95	A	G	-0.0447882	0.0774748	0.3342	-0.710564	0.3325	1	887.775	1	2000	0.5632
null1_95	1	96	A	G	0.102557	0.122033	0.706272	-0.447196	0.09825	1	354.388	1	2000	0.4007
null1_96	1	97	A	G	-0.0185714	0.0728575	0.064974	-0.786777	0.4175	1	972.775	1	2000	0.7988
null1_97	1	98	A	G	-0.0594316	0.0736451	0.651249	-0.656167	0.381	1	943.356	1	2000	0.4197
null1_98	1	99	A	G	0.0168571	0.0754571	0.0499076	-0.786271	0.395	1	955.9	2	2000	0.8232
null1_99	1	100	A	G	0.0685928	0.0826419	0.6889	-0.602958	0.254	1	757.936	2	2000	0.4065
null1_100	1	101	A	G	-0.0857758	0.0816135	1.1046	-0.534465	0.295	1	831.9	2	2000	0.2933
null1_101	1	102	A	G	-0.317866	0.305641	1.0816	-0.109891	0.01675	1	65.8777	2	2000	0.2986
null1_102	1	103	G	A	-0.0624075	0.0932847	0.447561	-0.613541	0.1933	1	623.74	2	2000	0.5035
null1_103	1	104	G	A	-0.0226547	0.0752898	0.0905408	-0.780995	0.415	1	971.1	2	2000	0.7635
null1_104	1	105	G	A	0.129272	0.103833	1.55003	-0.3288	0.1362	1	470.598	2	2000	0.2132
null1_105	1	106	G	A	0.0898407	0.0762655	1.38768	-0.47892	0.3058	1	849.145	2	2000	0.2388
null1_106	1	107	A	G	0.0695261	0.0732624	0.900601	-0.613199	0.448	1	989.184	2	2000	0.3426
null1_107	1	108	G	A	-0.00672255	0.0734544	0.00837591	-0.804613	0.4983	1	999.988	2	2000	0.9271
null1_108	1	109	A	G	-0.0629398	0.0796102	0.625048	-0.639941	0.306	1	849.456	2	2000	0.4292
null1_109	1	110	G	A	-0.0984952	0.175916	0.313488	-0.404391	0.04925	1	187.298	1	2000	0.5756
null1_110	1	111	A	G	-0.0458345	0.0734763	0.389126	-0.721555	0.4475	1	988.975	1	2000	0.5327
null1_111	1	112	A	G	-0.0273712	0.0759467	0.129888	-0.760532	0.3558	1	916.825	1	2000	0.7186
null1_112	1	113	G	A	0.400118	0.29529	1.83603	0.0269414	0.01275	1	50.3498	1	2000	0.1755
null1_113	1	114	A	G	0.0009995	0.0525776	0.00036138	-0.789496	0.3618	1	923.603	1	2000	0.9848
null1_114	1	115	G	A	-0.0355236	0.0975922	0.132496	-0.653428	0.1647	1	550.296	1	2000	0.7158
null1_115	1	116	A	G	0.0363319	0.0854869	0.180625	-0.698288	0.234	1	716.976	1	2000	0.6708
null1_116	1	117	G	A	-0.00140098	0.0761403	0.00033856	-0.806054	0.4823	1	998.747	1	2000	0.9853
null1_117	1	118	A	G	0.102557	0.153689	0.445289	-0.40058	0.05575	1	210.568	1	2000	0.5046
null1_118	1	119	G	A	0.125751	0.0754809	2.77556	-0.20572	0.376	1	938.496	1	2000	0.09575
null1_119	1	120	A	G	-0.0142003	0.0795092	0.031898	-0.765279	0.3063	1	849.921	1	2000	0.8583
null1_120	1	121	A	G	0.00598207	0.0805883	0.00551009	-0.805223	0.499	1	999.996	1	2000	0.9408
null1_121	1	122	G	A	-0.135133	0.146358	0.852483	-0.365683	0.0725	1	268.975	1	2000	0.3558
null1_122	1	123	A	G	-0.00370686	0.0864877	0.00183698	-0.742156	0.2445	1	738.879	1	2000	0.9658
null1_123	1	124	A	G	-0.0802344	0.12762	0.395264	-0.509877	0.098	1	353.584	1	2000	0.5295
null1_124	1	125	G	A	0.0554347	0.0793057	0.488601	-0.668477	0.3053	1	848.368	1	2000	0.4846
null1_125	1	126	G	A	0.0314987	0.0772784	0.166138	-0.746782	0.3347	1	890.704	1	2000	0.6835
null1_126	1	127	A	G	-0.0647519	0.0985269	0.431912	-0.596058	0.1697	1	563.608	1	2000	0.5111
null1_127	1	128	A	G	0.0158733	0.0762409	0.0433472	-0.781757	0.3673	1	929.563	1	2000	0.835
null1_128	1	129	G	A	0.0198026	0.071905	0.0758452	-0.786039	0.4293	1	980.006	1	2000	0.783
null1_129	1	130	G	A	0.0139029	0.0895229	0.0241181	-0.728764	0.2302	1	708.832	1	2000	0.8766
null1_130	1	131	G	A	-0.0954102	0.0729436	1.71086	-0.442799	0.466	1	995.376	1	2000	0.1908
null1_131	1	132	G	A	0.0421012	0.0748332	0.316519	-0.731959	0.4075	1	965.775	1	2000	0.5737
null1_132	1	133	G	A	-0.0145047	0.0727052	0.0398003	-0.790952	0.4098	1	967.456	1	2000	0.8419
null1_133	1	134	G	A	0.0178399	0.074364	0.057552	-0.794131	0.4918	1	999.731	1	2000	0.8104
null1_134	1	135	A	G	-0.450672	0.315155	2.0449	0.0397201	0.01725	1	67.8097	1	2000	0.1529
null1_135	1	136	A	G	-0.195042	0.11158	3.0555	-0.0216445	0.1392	1	479.293	2	2000	0.08053
null1_136	1	137	G	A	-0.134332	0.148943	0.813424	-0.363167	0.06825	1	254.368	2	2000	0.3671
null1_137	1	138	G	A	0.0449734	0.0776608	0.335357	-0.718529	0.3615	1	923.271	2	2000	0.5625
null1_138	1	139	G	A	0.132781	0.160771	0.682111	-0.339566	0.051	1	193.596	2	2000	0.4089
null1_139	1	140	G	A	0.0861777	0.0861777	1	-0.527731	0.2365	1	722.271	2	2000	0.3172
null1_140	1	141	G	A	-0.0633659	0.0743382	0.726586	-0.645412	0.4095	1	967.239	2	2000	0.394
null1_141	1	142	G	A	-0.0215301	0.0757569	0.0807696	-0.770925	0.3558	1	916.825	2	2000	0.7763
null1_142	1	143	G	A	0.0168571	0.130574	0.0166668	-0.567222	0.088	1	321.024	2	2000	0.8973
null1_143	1	144	G	A	0.129272	0.183365	0.497025	-0.330924	0.03925	1	150.838	2	2000	0.4808
null1_144	1	145	G	A	-0.0582649	0.146615	0.157927	-0.48885	0.06675	1	249.178	2	2000	0.6911
null1_145	1	146	G	A	-0.147341	0.074115	3.95214	0.032351	0.456	1	992.256	2	2000	0.04687
null1_146	1	147	G	A	-0.144448	0.0746115	3.7481	-0.00386641	0.3962	1	956.902	1	2000	0.05288
null1_147	1	148	A	G	0.0178399	0.26916	0.00439304	-0.305542	0.01975	1	77.4397	1	2000	0.9472
null1_148	1	149	G	A	-0.6313	0.413696	2.32868	0.101312	0.0115	1	45.471	1	2000	0.1271
null1_149	1	150	A	G	-0.157707	0.209355	0.567461	-0.293325	0.03375	1	130.444	1	2000	0.4513
null1_150	1	151	G	A	0.351361	0.197062	3.17909	0.188258	0.0315	1	122.031	1	2000	0.0746
null1_151	1	152	G	A	0.0119286	0.0723821	0.027159	-0.800382	0.4828	1	998.817	1	2000	0.8691
null1_152	1	153	A	G	0.107059	0.0911917	1.37828	-0.424441	0.2003	1	640.72	1	2000	0.2403
null1_153	1	154	G	A	0.224742	0.154568	2.11412	-0.064112	0.051	1	193.596	1	2000	0.1458
null1_154	1	155	A	G	0.135405	0.0735895	3.3856	-0.089004	0.492	1	999.744	1	2000	0.06583
null1_155	1	156	G	A	-0.0208151	0.0744728	0.0781203	-0.786518	0.4377	1	984.475	1	2000	0.7799
null1_156	1	157	A	G	-0.0108587	0.0850332	0.0163073	-0.744734	0.2545	1	758.919	1	2000	0.8984
null1_157	1	158	A	G	-0.107474	0.0770422	1.94602	-0.38469	0.3942	1	955.225	1	2000	0.1629
null1_158	1	159	G	A	0.152721	0.290842	0.27573	-0.223601	0.01525	1	60.0697	1	2000	0.5995
null1_159	1	160	G	A	-0.0795845	0.0809855	0.965699	-0.562248	0.2913	1	825.777	1	2000	0.3258
null1_160	1	161	A	G	-0.1207	0.0856027	1.9881	-0.330121	0.2547	1	759.312	1	2000	0.1586
null1_161	1	162	G	A	0.0119286	0.124907	0.00912025	-0.577312	0.09225	1	334.96	1	2000	0.9239
null1_162	1	163	A	G	0.0861777	0.0756608	1.29732	-0.518587	0.377	1	939.484	1	2000	0.2548
null1_163	1	164	A	G	-0.0615563	0.0767535	0.643204	-0.655786	0.3715	1	933.951	1	2000	0.4226
null1_164	1	165	A	G	0.0525925	0.0896106	0.344452	-0.648945	0.2115	1	667.071	1	2000	0.5573
null1_165	1	166	A	G	0.0989399	0.0726965	1.85232	-0.412419	0.4592	1	993.341	1	2000	0.1736
null1_166	1	167	A	G	-0.177334	0.108928	2.65038	-0.106609	0.1405	1	483.039	1	2000	0.1035
null1_167	1	168	A	G	-0.00813298	0.0804449	0.0102212	-0.757481	0.2772	1	801.441	2	2000	0.9195
null1_168	1	169	A	G	-1.17022	0.528076	4.91066	0.452721	0.0105	1	41.559	2	2000	0.02672
null1_169	1	170	A	G	-0.0288111	0.128621	0.050176	-0.553634	0.08475	1	310.27	2	2000	0.8228
null1_170	1	171	A	G	-0.0868659	0.0726912	1.42803	-0.500657	0.4395	1	985.359	2	2000	0.2322
null1_171	1	172	A	G	0.0487902	0.0736122	0.439304	-0.711897	0.46	1	993.6	2	2000	0.5075
null1_172	1	173	G	A	0.0217615	0.0730006	0.0888636	-0.776271	0.386	1	948.016	2	2000	0.7656
null1_173	1	174	G	A	0.0392207	0.0985198	0.158484	-0.641112	0.158	1	532.144	2	2000	0.6905
null1_174	1	175	G	A	-0.0673157	0.0969129	0.482469	-0.593495	0.1783	1	586.036	2	2000	0.4873
null1_175	1	176	G	A	-0.0110609	0.0794038	0.0194045	-0.766555	0.3028	1	844.449	2	2000	0.8892
null1_176	1	177	A	G	-0.173164	0.126397	1.8769	-0.214362	0.1012	1	363.834	2	2000	0.1708
null1_177	1	178	G	A	-0.0367677	0.0882567	0.173556	-0.691232	0.2208	1	688.189	2	2000	0.6769
null1_178	1	179	A	G	-0.121716	0.171551	0.50339	-0.378117	0.05225	1	198.08	1	2000	0.478
null1_179	1	180	A	G	0.0207825	0.08769	0.056169	-0.723991	0.2333	1	715.484	1	2000	0.8126
null1_180	1	181	A	G	-0.00280393	0.0755368	0.00137789	-0.800254	0.4175	1	972.775	1	2000	0.9704
null1_181	1	182	G	A	0.216723	0.105103	4.25184	0.235402	0.129	1	449.436	1	2000	0.03918
null1_182	1	183	A	G	-0.0379096	0.0765232	0.245421	-0.735205	0.3525	1	912.975	1	2000	0.6203
null1_183	1	184	G	A	0.0305292	0.0869283	0.123341	-0.697052	0.214	1	672.816	1	2000	0.7254
null1_184	1	185	G	A	-0.166645	0.0838677	3.94817	0.0747012	0.2702	1	788.768	1	2000	0.04694
null1_185	1	186	G	A	-0.0538228	0.0785849	0.469088	-0.680841	0.3287	1	882.625	1	2000	0.4934
null1_186	1	187	G	A	-0.139032	0.0869495	2.5568	-0.209126	0.2518	1	753.587	1	2000	0.1098
null1_187	1	188	A	G	-0.00813298	0.0736683	0.0121882	-0.801182	0.4445	1	987.679	1	2000	0.9121
null1_188	1	189	A	G	-0.178051	0.0924939	3.70563	0.0590131	0.2045	1	650.719	1	2000	0.05421
null1_189	1	190	G	A	0.00895974	0.0949729	0.00890004	-0.700772	0.188	1	610.624	1	2000	0.9248
null1_190	1	191	A	G	0.107059	0.126877	0.711998	-0.42406	0.0865	1	316.071	1	2000	0.3988
null1_191	1	192	G	A	-0.165582	0.0790747	4.38484	0.149032	0.318	1	867.504	1	2000	0.03629
null1_192	1	193	G	A	0.409457	0.176642	5.37312	0.577283	0.03875	1	148.994	1	2000	0.02045
null1_193	1	194	A	G	0.00399202	0.069608	0.00328902	-0.787977	0.3583	1	919.684	1	2000	0.9543
null1_194	1	195	G	A	-0.0132879	0.0728104	0.0333062	-0.795778	0.4355	1	983.359	1	2000	0.8552
null1_195	1	196	A	G	0.139762	0.169326	0.681285	-0.330456	0.04825	1	183.688	1	2000	0.4091
null1_196	1	197	G	A	0.814479	0.765488	1.1321	0.000206891	0.00175	1	6.98775	1	2000	0.2875
null1_197	1	198	A	G	0.131905	0.072595	3.30149	-0.104314	0.443	1	987.004	1	2000	0.0692
null1_198	1	199	G	A	-0.179366	0.0934198	3.6864	0.0598292	0.1973	1	633.491	1	2000	0.0549
null1_199	1	200	G	A	-0.129881	0.0730078	3.16484	-0.134963	0.4675	1	995.775	1	2000	0.07516
null1_200	1	201	A	G	-0.0299439	0.0775346	0.14915	-0.748555	0.329	1	883.036	1	2000	0.6994
null1_201	1	202	A	G	-0.122394	0.0848777	2.07936	-0.31842	0.2702	1	788.768	1	2000	0.1494
null1_202	1	203	G	A	-20.1048	24378.4	6.8013e-07	-0.00851458	0.00025	1	0.99975	0	2000	0.9993
null1_203	1	204	G	A	-0.037079	0.103313	0.128809	-0.637952	0.1495	1	508.599	2	2000	0.7197
null1_204	1	205	A	G	0.0852598	0.0839172	1.03226	-0.53021	0.253	1	755.964	2	2000	0.3098
null1_205	1	206	A	G	-0.0628333	0.0904597	0.482469	-0.617296	0.2077	1	658.243	2	2000	0.4873
null1_206	1	207	A	G	-0.0575232	0.0879425	0.427847	-0.634981	0.2165	1	678.511	2	2000	0.5131
null1_207	1	208	G	A	0.0563803	0.0962615	0.343044	-0.613876	0.169	1	561.756	2	2000	0.5581
null1_208	1	209	G	A	0.0535408	0.108558	0.243246	-0.589704	0.1295	1	450.919	2	2000	0.6219
null1_209	1	210	G	A	-0.0867569	0.096343	0.8109	-0.520731	0.1735	1	573.591	2	2000	0.3679
null1_210	1	211	A	G	0.220741	0.195519	1.27464	-0.154868	0.0315	1	122.031	2	2000	0.2591
null1_211	1	212	A	G	-0.123411	0.0823841	2.244	-0.283908	0.2705	1	789.319	2	2000	0.1342
null1_212	1	213	A	G	0.0129162	0.0707738	0.0333062	-0.797072	0.4485	1	989.391	2	2000	0.8552
null1_213	1	214	G	A	0.0825012	0.082526	0.9994	-0.534417	0.248	1	745.984	1	2000	0.3174
null1_214	1	215	A	G	-0.0182658	0.0722826	0.0638573	-0.792342	0.4755	1	997.599	1	2000	0.8005
null1_215	1	216	G	A	-0.0641119	0.0872865	0.53949	-0.615621	0.2225	1	691.975	1	2000	0.4626
null1_216	1	217	A	G	0.0139029	0.0700046	0.039442	-0.797732	0.4813	1	998.601	1	2000	0.8425
null1_217	1	218	A	G	0.202941	0.147059	1.9044	-0.125576	0.059	1	222.076	1	2000	0.1677
null1_218	1	219	G	A	0.0168571	0.0711271	0.056169	-0.793807	0.4718	1	996.819	1	2000	0.8126
null1_219	1	220	A	G	0.125751	0.0734957	2.92752	-0.179672	0.4107	1	968.102	1	2000	0.08705
null1_220	1	221	G	A	0.00399202	0.0693661	0.003312	-0.783523	0.3423	1	900.523	1	2000	0.9541
null1_221	1	222	A	G	0.14842	0.267955	0.306805	-0.242232	0.018	1	70.704	1	2000	0.5796
null1_222	1	223	A	G	0.0478373	0.0809293	0.349399	-0.683445	0.2718	1	791.699	1	2000	0.5545
null1_223	1	224	G	A	0.0353671	0.0855933	0.170734	-0.697409	0.2293	1	706.886	1	2000	0.6794
null1_224	1	225	G	A	-0.0285024	0.0756031	0.142129	-0.760043	0.364	1	926.016	1	2000	0.7062
null1_225	1	226	G	A	0.157004	0.0831588	3.56454	0.0141167	0.2298	1	707.968	1	2000	0.05897
null1_226	1	227	G	A	0.127513	0.0737924	2.98598	-0.173615	0.4925	1	999.775	1	2000	0.08406
null1_227	1	228	G	A	-0.0292229	0.0765598	0.145695	-0.766348	0.397	1	957.564	1	2000	0.7027
null1_229	1	230	G	A	0.0506931	0.0758765	0.446358	-0.682839	0.3203	1	870.832	1	2000	0.5041
null1_230	1	231	G	A	-0.0186733	0.103453	0.0325802	-0.652429	0.1448	1	495.332	1	2000	0.8568
null1_231	1	232	A	G	0.105261	0.101799	1.06916	-0.434816	0.142	1	487.344	1	2000	0.3013
null1_232	1	233	G	A	0.0188218	0.0730375	0.0664093	-0.782305	0.3925	1	953.775	1	2000	0.7966
null1_233	1	234	G	A	0.0778865	0.0763594	1.0404	-0.565794	0.3478	1	907.341	1	2000	0.3077
null1_234	1	235	G	A	0.0934903	0.0927484	1.01606	-0.488285	0.1853	1	603.856	1	2000	0.3136
null1_235	1	236	G	A	0.0411419	0.0843937	0.237656	-0.694685	0.2482	1	746.387	1	2000	0.6259
null1_236	1	237	A	G	0.0449734	0.244553	0.0338192	-0.327191	0.02325	1	90.8377	2	2000	0.8541
null1_237	1	238	A	G	-0.00631993	0.112374	0.00316294	-0.621997	0.1175	1	414.775	2	2000	0.9552
null1_238	1	239	G	A	0.0916672	0.0939791	0.951405	-0.496996	0.1797	1	589.632	2	2000	0.3294
null1_239	1	240	A	G	0.0629748	0.0728706	0.746842	-0.640934	0.4083	1	966.364	2	2000	0.3875
null1_240	1	241	G	A	-0.0224501	0.0904882	0.0615536	-0.709787	0.2137	1	672.129	2	2000	0.8041
null1_241	1	242	G	A	0.0468836	0.0761468	0.379086	-0.701858	0.335	1	891.1	2	2000	0.5381
null1_242	1	243	G	A	-0.240671	0.21093	1.30188	-0.167514	0.03575	1	137.888	2	2000	0.2537
null1_243	1	244	A	G	-0.0688143	0.0917769	0.5622	-0.600312	0.2073	1	657.307	2	2000	0.4534
null1_244	1	245	A	G	-0.0134906	0.0822096	0.0269288	-0.751967	0.273	1	793.884	2	2000	0.8696
null1_245	1	246	G	A	-0.0877389	0.0766949	1.30874	-0.517421	0.383	1	945.244	2	2000	0.2527
null1_246	1	247	G	A	0.0657877	0.0933822	0.49632	-0.591679	0.1795	1	589.119	2	2000	0.4811
null1_247	1	248	A	G	-0.215051	0.161208	1.77956	-0.151839	0.05975	1	224.72	1	2000	0.1821
null1_248	1	249	A	G	-0.0166376	0.0978109	0.028934	-0.670852	0.1607	1	539.502	1	2000	0.8649
null1_249	1	250	G	A	-0.120023	0.0750144	2.56	-0.258391	0.4175	1	972.775	1	2000	0.1095
null1_250	1	251	G	A	-0.0847957	0.0729739	1.35024	-0.516877	0.437	1	984.124	1	2000	0.2452
null1_251	1	252	A	G	0.216723	0.127785	2.87642	0.0204503	0.08125	1	298.594	1	2000	0.08989
null1_252	1	253	A	G	-0.0281937	0.0815319	0.119578	-0.743614	0.2983	1	837.268	1	2000	0.7295
null1_253	1	254	G	A	0.285179	0.117454	5.89518	0.607916	0.09525	1	344.71	1	2000	0.0152
null1_254	1	255	A	G	-0.0781778	0.117455	0.443023	-0.529309	0.1158	1	409.561	1	2000	0.5057
null1_255	1	256	A	G	0.0685928	0.0716973	0.915275	-0.607464	0.4237	1	976.713	1	2000	0.3387
null1_256	1	257	G	A	0.0440169	0.0750245	0.344217	-0.720781	0.3792	1	941.629	1	2000	0.5574
null1_257	1	258	G	A	-0.0675297	0.165554	0.166382	-0.450696	0.0545	1	206.119	1	2000	0.6833
null1_258	1	259	G	A	-0.0358345	0.101485	0.12468	-0.650755	0.1605	1	538.959	1	2000	0.724
null1_259	1	260	A	G	0.0285875	0.075151	0.144704	-0.758746	0.361	1	922.716	1	2000	0.7037
null1_260	1	261	A	G	-0.118221	0.0788138	2.25	-0.30751	0.3383	1	895.412	1	2000	0.1337
null1_261	1	262	G	A	0.173953	0.0792859	4.81364	0.252346	0.2808	1	807.805	1	2000	0.02822
null1_262	1	263	G	A	0.0392207	0.0718723	0.297788	-0.74064	0.4445	1	987.679	1	2000	0.5853
null1_263	1	264	A	G	-0.0517144	0.122227	0.179014	-0.556483	0.0995	1	358.399	1	2000	0.6722
null1_264	1	265	A	G	-0.103806	0.111728	0.863227	-0.456804	0.1255	1	438.999	1	2000	0.3528
null1_265	1	266	G	A	0.0980337	0.0751792	1.70042	-0.431503	0.3688	1	931.146	1	2000	0.1924
null1_266	1	267	A	G	-0.0167393	0.0747625	0.0501312	-0.788151	0.406	1	964.656	1	2000	0.8228
null1_267	1	268	G	A	0.358374	0.13161	7.41473	0.938344	0.0705	1	262.119	2	2000	0.006478
null1_268	1	269	A	G	-0.0787186	0.0780164	1.01808	-0.572182	0.354	1	914.736	2	2000	0.3131
null1_269	1	270	G	A	0.0592119	0.279697	0.0448169	-0.268584	0.01625	1	63.9438	2	2000	0.8323
null1_270	1	271	A	G	-0.101811	0.110484	0.849162	-0.470034	0.1335	1	462.711	2	2000	0.3568
null1_271	1	272	G	A	0.0188218	0.0963242	0.0381812	-0.678288	0.17	1	564.4	2	2000	0.8451
null1_272	1	273	G	A	0.0544882	0.0754684	0.521284	-0.684607	0.3855	1	947.559	2	2000	0.4703
null1_273	1	274	G	A	-0.084578	0.0861371	0.964128	-0.552388	0.2685	1	785.631	2	2000	0.3262
null1_274	1	275	A	G	0.07139	0.12518	0.325242	-0.508004	0.0895	1	325.959	2	2000	0.5685
null1_275	1	276	G	A	-0.0132879	0.0815208	0.026569	-0.752998	0.275	1	797.5	2	2000	0.8705
null1_276	1	277	A	G	-0.0478256	0.0878018	0.296698	-0.674034	0.2342	1	717.401	2	2000	0.586
null1_277	1	278	A	G	0.157004	0.0980661	2.5632	-0.146856	0.163	1	545.724	2	2000	0.1093
null1_278	1	279	G	A	-0.0326265	0.0878001	0.138087	-0.698941	0.2212	1	689.082	1	2000	0.7102
null1_279	1	280	A	G	-0.0369752	0.0884575	0.174724	-0.692994	0.2238	1	694.854	1	2000	0.6759
null1_280	1	281	A	G	0.116004	0.122937	0.890381	-0.403207	0.0945	1	342.279	1	2000	0.3454
null1_281	1	282	G	A	-0.442388	0.227449	3.78302	0.292472	0.03375	1	130.444	1	2000	0.0518
null1_282	1	283	G	A	-0.0462534	0.07384	0.392377	-0.718735	0.4275	1	978.975	1	2000	0.5311
null1_283	1	284	G	A	-0.0890498	0.142093	0.392753	-0.459508	0.0735	1	272.391	1	2000	0.5308
null1_284	1	285	G	A	0.00796817	0.0725038	0.012078	-0.797398	0.4135	1	970.071	1	2000	0.9125
null1_285	1	286	A	G	0.124869	0.0724718	2.96873	-0.173234	0.4283	1	979.436	1	2000	0.08486
null1_286	1	287	A	G	0.230318	0.141647	2.64388	0.00342992	0.066	1	246.576	1	2000	0.104
null1_287	1	288	A	G	0.0870947	0.0884929	0.96865	-0.513569	0.205	1	651.9	1	2000	0.325
null1_288	1	289	G	A	-0.175425	0.247078	0.5041	-0.2579	0.025	1	97.5	1	2000	0.4777
null1_289	1	290	A	G	0.107059	0.138248	0.599695	-0.418319	0.0735	1	272.391	1	2000	0.4387
null1_290	1	291	G	A	-0.432014	0.211151	4.18612	0.356486	0.039	1	149.916	1	2000	0.04079
null1_291	1	292	G	A	-0.0750469	0.099111	0.573352	-0.560792	0.1637	1	547.609	1	2000	0.449
null1_292	1	293	G	A	-0.0761254	0.131251	0.3364	-0.495539	0.0845	1	309.439	1	2000	0.5619
null1_293	1	294	G	A	-0.132618	0.0742539	3.1898	-0.125861	0.4233	1	976.468	1	2000	0.07411
null1_294	1	295	G	A	-0.0939811	0.0729101	1.66152	-0.452665	0.4567	1	992.5	1	2000	0.1973
null1_295	1	296	G	A	0.105261	0.0753475	1.95161	-0.380689	0.3795	1	941.919	1	2000	0.1623
null1_296	1	297	G	A	-0.0357308	0.0893494	0.15992	-0.689032	0.2135	1	671.671	1	2000	0.6892
null1_297	1	298	A	G	0.177309	0.108845	2.65364	-0.079009	0.1175	1	414.775	1	2000	0.1034
null1_298	1	299	A	G	0.0266419	0.0751112	0.125812	-0.775201	0.4273	1	978.859	1	2000	0.7229
null1_299	1	300	G	A	-0.0138961	0.0786869	0.0311876	-0.778505	0.3453	1	904.272	1	2000	0.8598
null1_300	1	301	A	G	-0.0411345	0.0754901	0.296916	-0.723957	0.3512	1	911.434	1	2000	0.5858
null1_301	1	302	G	A	-0.295983	0.25341	1.36422	-0.109178	0.025	1	97.5	1	2000	0.2427
null1_302	1	303	G	A	0.0657877	0.0998903	0.433754	-0.587582	0.1615	1	541.671	1	2000	0.5102
null1_303	1	304	G	A	0.136278	0.0852801	2.5536	-0.200502	0.2345	1	718.039	1	2000	0.1101
null1_304	1	305	G	A	0.116894	0.0739834	2.4964	-0.2712	0.4128	1	969.585	1	2000	0.1142
null1_305	1	306	A	G	-0.0792597	0.0971915	0.66504	-0.555624	0.1785	1	586.551	1	2000	0.4148
null1_306	1	307	G	A	0.0760347	0.0888152	0.732907	-0.570364	0.2155	1	676.239	1	2000	0.392
null1_307	1	308	A	G	0.215111	0.0751612	8.19104	0.932927	0.407	1	965.404	2	2000	0.004214
null1_308	1	309	G	A	0.00995033	0.0737608	0.018198	-0.784535	0.3572	1	918.433	2	2000	0.8927
null1_309	1	310	A	G	0.0129162	0.0789983	0.0267322	-0.749063	0.267	1	782.844	2	2000	0.8701
null1_310	1	311	G	A	-0.0951902	0.108392	0.771235	-0.490665	0.1372	1	473.505	2	2000	0.3798
null1_311	1	312	G	A	-0.111938	0.0817063	1.8769	-0.371617	0.295	1	831.9	2	2000	0.1705
null1_313	1	314	G	A	-0.0682788	0.0732056	0.869929	-0.621883	0.4908	1	999.661	2	2000	0.351
null1_314	1	315	G	A	-0.215051	0.0872419	6.07622	0.531283	0.2482	1	746.387	2	2000	0.01369
null1_315	1	316	G	A	0.128393	0.0730753	3.08705	-0.143275	0.394	1	955.056	2	2000	0.07898
null1_316	1	317	A	G	0.0478373	0.0752278	0.404369	-0.711288	0.3955	1	956.319	2	2000	0.5248
null1_317	1	318	G	A	0.0285875	0.101843	0.0787925	-0.650233	0.1512	1	513.354	2	2000	0.779
null1_318	1	319	A	G	0.0629748	0.0802533	0.615754	-0.626087	0.2692	1	786.925	1	2000	0.4326
null1_319	1	320	G	A	0.102557	0.0746953	1.88513	-0.394189	0.3768	1	939.287	1	2000	0.1698
null1_320	1	321	G	A	0.0962189	0.0834509	1.32941	-0.478145	0.2742	1	796.057	1	2000	0.2487
null1_321	1	322	A	G	0.0188218	0.0732649	0.0659976	-0.790935	0.4585	1	993.111	1	2000	0.7973
null1_322	1	323	G	A	-0.123864	0.0720558	2.95496	-0.177923	0.446	1	988.336	1	2000	0.08568
null1_323	1	324	A	G	0.227932	0.0741966	9.43718	1.19141	0.4545	1	991.719	1	2000	0.00213
null1_324	1	325	A	G	0.183987	0.138544	1.76358	-0.178609	0.06975	1	259.54	1	2000	0.1842
null1_325	1	326	G	A	0.0344014	0.0808114	0.18122	-0.729544	0.2957	1	833.046	1	2000	0.6704
null1_326	1	327	A	G	0.0573251	0.0830317	0.476652	-0.650146	0.2588	1	767.29	1	2000	0.49
null1_327	1	328	A	G	-0.0517144	0.0749159	0.476514	-0.694426	0.3872	1	949.105	1	2000	0.49
null1_328	1	329	G	A	-0.158527	0.113639	1.94602	-0.226959	0.1198	1	421.792	1	2000	0.1629
null1_329	1	330	G	A	0.0344014	0.0824184	0.174223	-0.718494	0.268	1	784.704	1	2000	0.6764
dis1_0	1	331	A	G	-0.285019	0.154733	3.39296	0.14399	0.06975	1	259.54	1	2000	0.06553
dis1_1	1	332	A	G	-0.79054	0.222437	12.6309	1.93966	0.04475	1	170.99	1	2000	0.0003796
dis1_2	1	333	G	A	0.1441	0.527454	0.0746382	-0.110581	0.0045	1	17.919	1	2000	0.7847
dis1_3	1	334	A	G	-0.260456	0.076808	11.4989	1.63225	0.3912	1	952.65	1	2000	0.0006955
dis1_4	1	335	G	A	0.448525	0.12165	13.594	2.16083	0.0845	1	309.439	1	2000	0.0002266
null2_0	1	336	A	G	-0.0693501	0.115815	0.358561	-0.537953	0.1102	1	392.224	1	2000	0.5493
null2_1	1	337	A	G	0.0392207	0.0735434	0.284409	-0.745914	0.4858	1	999.193	1	2000	0.5938
null2_2	1	338	G	A	0.0129162	0.100987	0.0163584	-0.66159	0.1498	1	509.44	1	2000	0.8982
null2_3	1	339	A	G	-0.158175	0.0734675	4.63541	0.176096	0.4705	1	996.519	1	2000	0.0313
null2_4	1	340	G	A	-0.0722482	0.0754708	0.916423	-0.601778	0.3897	1	951.336	1	2000	0.3384
null2_5	1	341	G	A	0.0601539	0.0943295	0.406661	-0.614576	0.1843	1	601.334	2	2000	0.5237
null2_6	1	342	A	G	-0.0876297	0.0740116	1.40186	-0.509216	0.499	1	999.996	2	2000	0.2366
null2_7	1	343	A	G	0.0227395	0.106508	0.0455822	-0.637652	0.135	1	467.1	2	2000	0.831
null2_8	1	344	A	G	0.0372958	0.222396	0.0281233	-0.360908	0.02825	1	109.808	2	2000	0.8668
null2_9	1	345	G	A	-0.0118702	0.0771291	0.0236852	-0.78058	0.347	1	906.364	2	2000	0.8777
null2_10	1	346	A	G	0.0198026	0.113678	0.0303456	-0.613378	0.1155	1	408.639	2	2000	0.8617
null2_11	1	347	A	G	-0.0379096	0.112793	0.112963	-0.611753	0.126	1	440.496	2	2000	0.7368
null2_12	1	348	A	G	-0.0154183	0.0748096	0.0424772	-0.791856	0.4197	1	974.208	2	2000	0.8367
null2_13	1	349	A	G	-0.036664	0.0737854	0.24691	-0.752663	0.4597	1	993.504	2	2000	0.6193
null2_14	1	350	A	G	0.0898407	0.0720455	1.55501	-0.476203	0.4738	1	997.254	2	2000	0.2123
null2_15	1	351	G	A	0.0129162	0.0865699	0.0222606	-0.735925	0.2412	1	732.09	2	2000	0.8814
null2_16	1	352	G	A	-0.016231	0.0849347	0.0365192	-0.732928	0.2412	1	732.09	1	2000	0.8485
null2_17	1	353	A	G	0.111541	0.120873	0.85156	-0.416402	0.0975	1	351.975	1	2000	0.3561
null2_18	1	354	A	G	0.143234	0.0915234	2.44923	-0.186239	0.1813	1	593.721	1	2000	0.1177
null2_19	1	355	G	A	-0.0610247	0.0906352	0.453333	-0.623249	0.2075	1	657.775	1	2000	0.5008
null2_20	1	356	A	G	-0.216789	0.225634	0.923137	-0.213521	0.0305	1	118.279	1	2000	0.3366
null2_21	1	357	G	A	-0.106583	0.101702	1.0983	-0.449561	0.1615	1	541.671	1	2000	0.2948
null2_22	1	358	G	A	0.0129162	0.0791435	0.0266342	-0.752985	0.275	1	797.5	2	2000	0.8704
null2_23	1	359	A	G	-0.120136	0.10121	1.40897	-0.384567	0.161	1	540.316	2	2000	0.2353
null2_24	1	360	A	G	0.0620354	0.075368	0.677494	-0.661722	0.465	1	995.1	2	2000	0.4104
null2_25	1	361	G	A	0.0825012	0.0735305	1.25888	-0.538307	0.4617	1	994.132	2	2000	0.262
null2_26	1	362	G	A	0.00895974	0.070884	0.015977	-0.802954	0.4923	1	999.763	2	2000	0.8994
null2_27	1	363	G	A	-0.0416557	0.105752	0.155157	-0.627066	0.1448	1	495.332	2	2000	0.6937
null2_28	1	364	G	A	-0.0594316	0.163633	0.131914	-0.459836	0.05525	1	208.79	2	2000	0.7164
null2_29	1	365	G	A	-0.100815	0.0870598	1.34096	-0.461255	0.2455	1	740.919	2	2000	0.2467
null2_30	1	366	A	G	0.0980337	0.123843	0.626631	-0.453369	0.09275	1	336.59	2	2000	0.4286
null2_31	1	367	G	A	-0.0462534	0.176472	0.0686964	-0.440996	0.0465	1	177.351	2	2000	0.7933
null2_32	1	368	G	A	0.291176	0.205633	2.00506	-0.0120469	0.0285	1	110.751	2	2000	0.1567
null2_33	1	369	A	G	-0.0461487	0.0799665	0.333044	-0.694829	0.2893	1	822.422	1	2000	0.5639
null2_34	1	370	G	A	-0.132732	0.0755875	3.08354	-0.140091	0.3735	1	935.991	1	2000	0.07912
null2_35	1	371	G	A	0.0148886	0.0724859	0.0421892	-0.78849	0.3982	1	958.547	1	2000	0.8373
null2_36	1	372	A	G	0.0639133	0.0744217	0.737537	-0.641959	0.4025	1	961.975	1	2000	0.3904
null2_37	1	373	G	A	0.138892	0.0730626	3.6138	-0.040596	0.486	1	999.216	1	2000	0.05735
null2_38	1	374	G	A	0.0870947	0.0725185	1.4424	-0.496039	0.4255	1	977.799	1	2000	0.2297
null2_39	1	375	A	G	-0.0208151	0.118067	0.0310817	-0.603725	0.1095	1	390.039	1	2000	0.8601
null2_40	1	376	G	A	-0.196137	0.112142	3.059	-0.014453	0.1332	1	461.831	1	2000	0.08028
null2_41	1	377	A	G	-0.0877389	0.172748	0.257962	-0.417701	0.05	1	190	1	2000	0.6116
null2_42	1	378	A	G	0.131028	0.0851386	2.36852	-0.232636	0.2232	1	693.527	1	2000	0.1238
null2_43	1	379	G	A	0.07139	0.073183	0.9516	-0.597331	0.4068	1	965.255	1	2000	0.3293
null2_44	1	380	G	A	0.076961	0.0874856	0.773872	-0.564818	0.22	1	686.4	1	2000	0.379
null2_45	1	381	A	G	0.0907544	0.0734853	1.52523	-0.475948	0.4073	1	965.627	1	2000	0.2168
null2_46	1	382	G	A	-0.0881757	0.0769421	1.31332	-0.513427	0.369	1	931.356	1	2000	0.2517
null2_47	1	383	A	G	-0.134217	0.0734632	3.33793	-0.098444	0.47	1	996.4	1	2000	0.06765
null2_48	1	384	A	G	0.0217615	0.0786465	0.0765629	-0.754763	0.3035	1	845.551	1	2000	0.782
null2_49	1	385	G	A	-20.1065	14070.3	2.04204e-06	-0.0245915	0.00075	1	2.99775	0	2000	0.9989
null2_50	1	386	A	G	-0.00793137	0.178755	0.0019687	-0.444746	0.04425	1	169.168	1	2000	0.9646
null2_51	1	387	A	G	0.33146	0.163281	4.1209	0.328649	0.04725	1	180.07	1	2000	0.04235
null2_52	1	388	A	G	0.133656	0.0733972	3.31604	-0.0945366	0.3922	1	953.517	2	2000	0.06867
null2_53	1	389	G	A	0.124869	0.0780919	2.5568	-0.235402	0.3147	1	862.656	2	2000	0.1099
null2_54	1	390	G	A	0.0667236	0.071096	0.880782	-0.619621	0.4938	1	999.846	2	2000	0.348
null2_55	1	391	A	G	0.0392207	0.081966	0.228962	-0.709012	0.2722	1	792.429	2	2000	0.6323
null2_56	1	392	G	A	-0.00531409	0.0731969	0.00527076	-0.804405	0.468	1	995.904	2	2000	0.9421
null2_57	1	393	A	G	0.117783	0.0747829	2.48062	-0.268699	0.379	1	941.436	2	2000	0.1152
null2_58	1	394	G	A	-0.0160278	0.0843566	0.0361	-0.737638	0.2492	1	748.397	2	2000	0.8493
null2_59	1	395	A	G	0.0266419	0.0791736	0.113232	-0.749804	0.3108	1	856.813	2	2000	0.7365
null2_60	1	396	A	G	-0.0325232	0.0769598	0.178591	-0.75245	0.3645	1	926.559	2	2000	0.6726
null2_61	1	397	G	A	0.102557	0.0767065	1.78757	-0.403534	0.3327	1	888.043	2	2000	0.1813
null2_62	1	398	G	A	0.00399202	0.0736535	0.00293764	-0.805366	0.4782	1	998.099	2	2000	0.9568
null2_63	1	399	A	G	-0.0931026	0.0916364	1.03226	-0.501923	0.2073	1	657.307	1	2000	0.3096
null2_64	1	400	A	G	0.0276152	0.0737979	0.140026	-0.77051	0.415	1	971.1	1	2000	0.7083
null2_65	1	401	G	A	0.0449734	0.102027	0.194305	-0.617787	0.1438	1	492.486	1	2000	0.6594
null2_66	1	402	A	G	-0.00240288	0.0977975	0.000603685	-0.687368	0.1713	1	567.825	1	2000	0.9804
null2_67	1	403	A	G	0.0582689	0.481164	0.0146652	-0.139529	0.00575	1	22.8678	1	2000	0.9036
null2_68	1	404	G	A	0.123102	0.077277	2.53765	-0.240376	0.3175	1	866.775	1	2000	0.1111
null2_69	1	405	G	A	-0.026344	0.078827	0.11169	-0.753509	0.3202	1	870.688	1	2000	0.7382
null2_70	1	406	A	G	0.0751075	0.0732756	1.05062	-0.580351	0.437	1	984.124	1	2000	0.3053
null2_71	1	407	G	A	0.0695261	0.126734	0.300962	-0.511407	0.08875	1	323.494	1	2000	0.5833
null2_72	1	408	G	A	0.0363319	0.0877583	0.171396	-0.695984	0.2273	1	702.539	1	2000	0.6788
null2_73	1	409	A	G	-0.111379	0.100432	1.22988	-0.428747	0.1683	1	559.9	1	2000	0.2675
null2_74	1	410	G	A	0.0554347	0.0742197	0.55786	-0.684091	0.431	1	980.956	1	2000	0.4552
null2_75	1	411	G	A	0.0741794	0.079883	0.862298	-0.584549	0.2925	1	827.775	1	2000	0.3531
null2_76	1	412	G	A	-0.0149106	0.172977	0.00743044	-0.448738	0.0455	1	173.719	2	2000	0.9313
null2_77	1	413	G	A	0.590561	0.732251	0.650442	-0.0259687	0.002	1	7.984	2	2000	0.42
null2_78	1	414	G	A	-0.00531409	0.0729557	0.00530567	-0.804553	0.471	1	996.636	2	2000	0.9419
null2_79	1	415	A	G	0.0324672	0.0899368	0.130321	-0.699756	0.22	1	686.4	2	2000	0.7181
null2_80	1	416	A	G	-0.0577351	0.12086	0.228197	-0.556042	0.105	1	375.9	2	2000	0.6328
null2_81	1	417	A	G	-0.0945305	0.0753231	1.57502	-0.468573	0.4307	1	980.79	2	2000	0.2093
null2_82	1	418	G	A	-0.0463581	0.0846878	0.299647	-0.681818	0.2485	1	746.991	2	2000	0.5841
null2_83	1	419	G	A	0.0430595	0.136914	0.0989103	-0.511077	0.07075	1	262.978	2	2000	0.7532
null2_84	1	420	G	A	0.00895974	0.0769077	0.0135722	-0.778023	0.3315	1	886.431	2	2000	0.9073
null2_85	1	421	A	G	-0.0972821	0.0759423	1.64096	-0.447518	0.385	1	947.1	2	2000	0.2001
null2_86	1	422	G	A	0.0295588	0.0835939	0.125033	-0.733047	0.2767	1	800.548	2	2000	0.7236
null2_87	1	423	A	G	0.118672	0.0785904	2.2801	-0.291453	0.308	1	852.544	1	2000	0.131
null2_88	1	424	G	A	0.0506931	0.0750564	0.456165	-0.701636	0.403	1	962.364	1	2000	0.4994
null2_89	1	425	G	A	0.0382587	0.130265	0.0862597	-0.544225	0.08375	1	306.944	1	2000	0.769
null2_90	1	426	A	G	-0.641314	0.628123	1.04244	-0.0267677	0.005	1	19.9	1	2000	0.3074
null2_91	1	427	A	G	0.0314987	0.101478	0.0963482	-0.638287	0.144	1	493.056	1	2000	0.7562
null2_92	1	428	G	A	0.0256677	0.0730858	0.123341	-0.77861	0.4562	1	992.326	1	2000	0.7255
null2_93	1	429	A	G	-0.0210194	0.0837091	0.0630512	-0.737305	0.259	1	767.676	1	2000	0.8017
null2_94	1	430	A	G	-0.180324	0.161436	1.24769	-0.251724	0.05825	1	219.428	1	2000	0.2638
null2_95	1	431	A	G	0.157858	0.0968455	2.6569	-0.131422	0.1675	1	557.775	1	2000	0.1031
null2_96	1	432	A	G	-0.0491902	0.105085	0.219118	-0.605002	0.1375	1	474.375	1	2000	0.6397
null2_97	1	433	G	A	-0.133074	0.0986467	1.8198	-0.311172	0.174	1	574.896	1	2000	0.1774
null2_98	1	434	A	G	-0.0507671	0.0732042	0.480942	-0.693745	0.3885	1	950.271	1	2000	0.488
null2_99	1	435	G	A	-0.0499258	0.0756566	0.435468	-0.700048	0.3728	1	935.281	1	2000	0.5093
null2_100	1	436	G	A	0.00598207	0.0747385	0.0064064	-0.765726	0.294	1	830.256	1	2000	0.9362
null2_101	1	437	A	G	0.116894	0.151319	0.596756	-0.383766	0.06	1	225.6	1	2000	0.4398
null2_102	1	438	A	G	-0.0448928	0.0762704	0.34645	-0.716755	0.3638	1	925.798	1	2000	0.5561
null2_103	1	439	G	A	-0.0737542	0.0747483	0.973577	-0.593526	0.4123	1	969.235	1	2000	0.3238
null2_104	1	440	G	A	0.0825012	0.1043	0.625681	-0.528222	0.1435	1	491.631	1	2000	0.429
null2_105	1	441	G	A	-0.016536	0.0743524	0.0494618	-0.79207	0.433	1	982.044	1	2000	0.824
null2_106	1	442	A	G	0.0392207	0.0808008	0.235613	-0.719407	0.299	1	838.396	1	2000	0.6274
null2_107	1	443	G	A	-0.118221	0.0743526	2.5281	-0.267884	0.4415	1	986.311	1	2000	0.1119
null2_108	1	444	A	G	-0.0490852	0.0855441	0.329246	-0.676816	0.2507	1	751.398	1	2000	0.5661
null2_109	1	445	G	A	0.206201	0.0832798	6.13058	0.554496	0.224	1	695.296	1	2000	0.01328
null2_110	1	446	G	A	0.0109399	0.0734224	0.022201	-0.791764	0.393	1	954.204	1	2000	0.8815
null2_111	1	447	G	A	-0.127606	0.0800038	2.54402	-0.233372	0.3013	1	842.073	1	2000	0.1108
null2_112	1	448	G	A	-0.113169	0.160705	0.495898	-0.396104	0.0575	1	216.775	1	2000	0.4813
null2_113	1	449	G	A	-0.192008	0.136856	1.96841	-0.164268	0.08275	1	303.61	1	2000	0.1607
null2_114	1	450	G	A	-0.0477207	0.0739054	0.416928	-0.713569	0.4278	1	979.149	2	2000	0.5185
null2_115	1	451	G	A	0.0685928	0.0767687	0.798342	-0.608896	0.3215	1	872.551	2	2000	0.3716
null2_116	1	452	A	G	-0.0403013	0.0733017	0.30228	-0.741703	0.4735	1	997.191	2	2000	0.5825
null2_117	1	453	A	G	-0.0989367	0.0719017	1.89338	-0.400757	0.4273	1	978.859	2	2000	0.1688
null2_118	1	454	G	A	0.110647	0.0748623	2.18448	-0.339239	0.4283	1	979.436	2	2000	0.1395
null2_119	1	455	A	G	-0.148268	0.0815107	3.30876	-0.0682273	0.2907	1	824.774	2	2000	0.06891
null2_120	1	456	G	A	0.113329	0.0831465	1.85777	-0.35808	0.2558	1	761.465	2	2000	0.173
null2_121	1	457	A	G	0.0363319	0.071788	0.256137	-0.751044	0.465	1	995.1	2	2000	0.6128
null2_122	1	458	G	A	0.0430595	0.0866388	0.247009	-0.680115	0.2273	1	702.539	2	2000	0.6192
null2_123	1	459	A	G	-0.0182658	0.0854741	0.0456677	-0.732359	0.2435	1	736.831	2	2000	0.8308
null2_124	1	460	G	A	-20.1081	9954.5	4.0804e-06	-0.0466476	0.0015	1	5.991	2	2000	0.9984
null2_125	1	461	G	A	0.0227395	0.0753962	0.0909626	-0.771364	0.366	1	928.176	1	2000	0.763
null2_126	1	462	G	A	-0.0477207	0.0813792	0.343865	-0.68808	0.2792	1	804.989	1	2000	0.5576
null2_127	1	463	A	G	0.0751075	0.0732756	1.05062	-0.580351	0.437	1	984.124	1	2000	0.3053
null2_128	1	464	A	G	0.138021	0.0826475	2.7889	-0.163428	0.258	1	765.744	1	2000	0.09487
null2_129	1	465	A	G	-0.0893778	0.105051	0.723861	-0.506409	0.1422	1	487.917	1	2000	0.3949
null2_130	1	466	A	G	-0.071496	0.0871902	0.6724	-0.60005	0.2425	1	734.775	1	2000	0.4122
null2_131	1	467	A	G	0.0592119	0.0845521	0.49042	-0.642973	0.2508	1	751.597	1	2000	0.4837
null2_132	1	468	G	A	0.149282	0.0765155	3.8064	0.0284606	0.3137	1	861.169	1	2000	0.05105
null2_133	1	469	G	A	-0.0734313	0.0820186	0.801562	-0.599984	0.299	1	838.396	1	2000	0.3706
null2_134	1	470	A	G	-0.565634	0.548095	1.06502	-0.0344951	0.00625	1	24.8438	1	2000	0.302
null2_135	1	471	A	G	-0.251286	0.132256	3.61	0.147403	0.09425	1	341.468	1	2000	0.05747
null2_136	1	472	A	G	0.0198026	0.0728306	0.0739296	-0.789566	0.4632	1	994.583	1	2000	0.7857
null2_137	1	473	G	A	-0.0997098	0.0793868	1.57754	-0.438937	0.306	1	849.456	1	2000	0.2092
null2_138	1	474	A	G	-0.030253	0.0821424	0.135645	-0.718532	0.2525	1	754.975	1	2000	0.7126
null2_139	1	475	A	G	-0.132503	0.0975724	1.84416	-0.312303	0.1813	1	593.721	1	2000	0.1744
null2_140	1	476	A	G	-0.0367677	0.128334	0.0820823	-0.548282	0.08525	1	311.93	1	2000	0.7745
null2_141	1	477	G	A	0.115113	0.14298	0.648186	-0.391376	0.0665	1	248.311	1	2000	0.4208
null2_142	1	478	G	A	0.120446	0.101386	1.41134	-0.373404	0.1505	1	511.399	1	2000	0.2347
null2_143	1	479	G	A	-0.00561574	0.0867564	0.00418997	-0.728104	0.2228	1	692.641	1	2000	0.9484
null2_144	1	480	A	G	0.0430595	0.119576	0.129672	-0.567405	0.1	1	360	1	2000	0.7187
null2_145	1	481	A	G	0.0825012	0.0808043	1.04244	-0.538724	0.2745	1	796.599	1	2000	0.3073
null2_146	1	482	A	G	0.0109399	0.0782542	0.019544	-0.760524	0.2883	1	820.732	2	2000	0.8889
null2_147	1	483	A	G	-0.106361	0.073	2.12285	-0.356456	0.498	1	999.984	2	2000	0.1451
null2_148	1	484	A	G	-0.0036065	0.0855431	0.00177747	-0.745026	0.2495	1	748.999	2	2000	0.9664
null2_149	1	485	A	G	0.0217615	0.111827	0.0378692	-0.621813	0.1222	1	429.069	2	2000	0.8457
null2_150	1	486	A	G	-0.00370686	0.121497	0.00093086	-0.600983	0.1042	1	373.369	2	2000	0.9757
null2_151	1	487	A	G	-0.116084	0.0936921	1.53512	-0.388058	0.1955	1	629.119	2	2000	0.2153
null2_152	1	488	A	G	0.277632	0.209218	1.76093	-0.0491015	0.027	1	105.084	2	2000	0.1844
null2_153	1	489	G	A	0.00995033	0.0807002	0.0152029	-0.752733	0.2695	1	787.479	2	2000	0.9018
null2_154	1	490	G	A	0.0324672	0.0735717	0.194746	-0.762338	0.443	1	987.004	2	2000	0.659
null2_155	1	491	G	A	-0.0397809	0.151373	0.0690638	-0.498032	0.06375	1	238.744	2	2000	0.7927
null2_156	1	492	G	A	-0.0259334	0.0783013	0.109693	-0.747298	0.3023	1	843.659	2	2000	0.7405
null2_157	1	493	A	G	0.0421012	0.123573	0.116076	-0.565169	0.09725	1	351.17	1	2000	0.7333
null2_158	1	494	G	A	-0.0314907	0.0757533	0.172806	-0.757982	0.3835	1	945.711	1	2000	0.6776
null2_159	1	495	A	G	-0.026652	0.0874124	0.092964	-0.707249	0.2195	1	685.279	1	2000	0.7604
null2_160	1	496	A	G	0.0139029	0.0771955	0.032436	-0.758839	0.2907	1	824.774	1	2000	0.8571
null2_161	1	497	G	A	-0.0107577	0.078523	0.018769	-0.773316	0.3207	1	871.406	1	2000	0.891
null2_162	1	498	G	A	0.001998	0.0953246	0.000439322	-0.75841	0.2748	1	797.14	1	2000	0.9833
null2_163	1	499	G	A	-0.00783058	0.0887016	0.00779336	-0.724767	0.219	1	684.156	1	2000	0.9297
null2_164	1	500	G	A	-0.0497156	0.0777535	0.408832	-0.703897	0.3652	1	927.316	1	2000	0.5226
null2_165	1	501	A	G	-0.16984	0.0941984	3.25081	-0.0286167	0.1938	1	624.966	1	2000	0.07145
null2_166	1	502	G	A	0.105261	0.0750253	1.96841	-0.367336	0.3395	1	896.959	1	2000	0.1605
null2_168	1	504	G	A	0.0363319	0.077566	0.219399	-0.734989	0.333	1	888.444	1	2000	0.6395
null2_169	1	505	G	A	-0.016841	0.074849	0.050625	-0.790972	0.426	1	978.096	1	2000	0.822
null2_170	1	506	G	A	0.0372958	0.0994554	0.140625	-0.651335	0.1643	1	549.222	1	2000	0.7076
null2_171	1	507	A	G	0.123986	0.0731481	2.87302	-0.197256	0.4798	1	998.368	1	2000	0.09
null2_172	1	508	G	A	-0.00260339	0.0717582	0.00131624	-0.801737	0.4285	1	979.551	1	2000	0.9711
null2_173	1	509	G	A	-0.0336602	0.130113	0.0669257	-0.559133	0.089	1	324.316	1	2000	0.7958
null2_174	1	510	A	G	-0.0420728	0.0791437	0.282599	-0.718257	0.3227	1	874.259	1	2000	0.595
null2_175	1	511	G	A	-0.0082338	0.0906407	0.00825191	-0.713041	0.203	1	647.164	1	2000	0.9276
null2_176	1	512	G	A	0.0582689	0.089178	0.426932	-0.619854	0.1958	1	629.849	1	2000	0.5135
null2_177	1	513	A	G	-0.127152	0.0787805	2.605	-0.23321	0.3407	1	898.494	1	2000	0.1065
null2_178	1	514	G	A	0.0459289	0.085243	0.290305	-0.679942	0.2418	1	733.331	1	2000	0.59
null2_179	1	515	G	A	-0.0144032	0.0908721	0.0251222	-0.70537	0.1977	1	634.459	1	2000	0.8741
null2_180	1	516	A	G	0.0925792	0.212924	0.189051	-0.342429	0.03	1	116.4	1	2000	0.6637
null2_181	1	517	G	A	0.0246926	0.072264	0.116759	-0.781157	0.4763	1	997.753	1	2000	0.7326
null2_182	1	518	A	G	0.0639133	0.0837768	0.582016	-0.622164	0.248	1	745.984	1	2000	0.4455
null2_183	1	519	G	A	0.225541	0.178717	1.59264	-0.130247	0.04025	1	154.52	1	2000	0.2071
null2_184	1	520	A	G	-0.0133892	0.0817913	0.0267977	-0.751025	0.271	1	790.236	1	2000	0.87
null2_185	1	521	A	G	-0.0886127	0.075223	1.38768	-0.50045	0.3817	1	944.02	2	2000	0.2389
null2_186	1	522	G	A	0.0119286	0.0724701	0.0270932	-0.799972	0.4718	1	996.819	2	2000	0.8693
null2_187	1	523	G	A	0.0695261	0.0767565	0.820474	-0.60643	0.3282	1	881.939	2	2000	0.365
null2_188	1	524	G	A	0.0276152	0.085975	0.103169	-0.708932	0.2252	1	697.94	2	2000	0.7481
null2_189	1	525	G	A	0.0544882	0.0749906	0.527948	-0.689069	0.4203	1	974.592	2	2000	0.4675
null2_190	1	526	A	G	-0.0246001	0.0739186	0.110756	-0.774197	0.3995	1	959.599	2	2000	0.7393
null2_191	1	527	G	A	-0.101368	0.0747555	1.83874	-0.410902	0.4163	1	971.977	2	2000	0.175
null2_192	1	528	G	A	-0.110038	0.0836156	1.73186	-0.386667	0.26	1	769.6	2	2000	0.1881
null2_193	1	529	G	A	-0.0529789	0.0748079	0.501547	-0.688378	0.3835	1	945.711	2	2000	0.4788
null2_194	1	530	G	A	0.0344014	0.0761936	0.203852	-0.758239	0.424	1	976.896	2	2000	0.6516
null2_195	1	531	A	G	0.0430595	0.156409	0.0757901	-0.467424	0.05425	1	205.228	2	2000	0.7831
null2_196	1	532	A	G	0.125751	0.072354	3.02064	-0.16594	0.478	1	998.064	1	2000	0.08228
null2_197	1	533	G	A	-0.03015	0.0777262	0.150466	-0.750189	0.335	1	891.1	1	2000	0.6981
null2_198	1	534	A	G	-0.149429	0.122784	1.48109	-0.297986	0.1032	1	370.199	1	2000	0.2237
null2_199	1	535	A	G	0.206201	0.0747375	7.61208	0.815712	0.3752	1	937.7	1	2000	0.005789
null2_200	1	536	A	G	-0.0479305	0.0788202	0.369786	-0.700842	0.3257	1	878.478	2	2000	0.5431
null2_201	1	537	G	A	0.0109399	0.0740185	0.0218448	-0.796679	0.423	1	976.284	2	2000	0.8825
null2_202	1	538	G	A	0.185649	0.193809	0.917572	-0.222717	0.03225	1	124.84	2	2000	0.3381
null2_203	1	539	G	A	0.001998	0.0985208	0.000411278	-0.761215	0.2808	1	807.805	2	2000	0.9838
null2_204	1	540	G	A	0.146694	0.129703	1.27916	-0.306017	0.0845	1	309.439	2	2000	0.2582
null2_205	1	541	G	A	0.0334348	0.183104	0.0333428	-0.429448	0.042	1	160.944	2	2000	0.8551
null2_206	1	542	G	A	0.162969	0.136148	1.43281	-0.245848	0.0705	1	262.119	2	2000	0.2313
null2_207	1	543	A	G	0.0916672	0.0780146	1.38062	-0.48406	0.316	1	864.576	2	2000	0.2402
null2_208	1	544	A	G	0.0889262	0.106282	0.700067	-0.496556	0.1302	1	452.992	2	2000	0.4028
null2_209	1	545	A	G	-0.104472	0.163544	0.408065	-0.408593	0.056	1	211.456	2	2000	0.5229
null2_210	1	546	G	A	0.0188218	0.0966209	0.037947	-0.673389	0.165	1	551.1	2	2000	0.8456
null2_211	1	547	G	A	-0.0865388	0.0737127	1.37828	-0.51028	0.431	1	980.956	1	2000	0.2404
null2_212	1	548	A	G	0.00895974	0.108933	0.00676506	-0.635262	0.1272	1	444.081	1	2000	0.9344
null2_213	1	549	A	G	-0.32573	0.102046	10.1889	1.42177	0.1833	1	598.804	1	2000	0.001412
null2_214	1	550	A	G	0.0207825	0.0761544	0.0744744	-0.768236	0.3415	1	899.511	1	2000	0.7849
null2_215	1	551	G	A	0.00399202	0.0699373	0.00325813	-0.795041	0.3892	1	950.893	1	2000	0.9545
null2_216	1	552	G	A	0.0852598	0.167143	0.260202	-0.40639	0.047	1	179.164	1	2000	0.61
null2_217	1	553	A	G	-0.0539283	0.0973436	0.306916	-0.622069	0.1697	1	563.608	1	2000	0.5796
null2_218	1	554	A	G	0.0372958	0.0807268	0.213444	-0.729523	0.3132	1	860.423	1	2000	0.6441
null2_219	1	555	G	A	0.0178399	0.0939438	0.036062	-0.6951	0.188	1	610.624	1	2000	0.8493
null2_220	1	556	A	G	-0.0501361	0.0849476	0.348336	-0.672966	0.251	1	751.996	1	2000	0.555
null2_221	1	557	A	G	-0.122055	0.0746512	2.67323	-0.23931	0.473	1	997.084	1	2000	0.102
null2_222	1	558	G	A	-0.11149	0.106689	1.09202	-0.43237	0.144	1	493.056	1	2000	0.2961
null2_223	1	559	G	A	0.0217615	0.0734441	0.0877937	-0.782835	0.424	1	976.896	1	2000	0.767
null2_224	1	560	A	G	0.076961	0.0728108	1.11725	-0.565277	0.4285	1	979.551	1	2000	0.2905
null2_225	1	561	G	A	0.10436	0.102515	1.03632	-0.435959	0.1372	1	473.505	1	2000	0.3085
null2_226	1	562	G	A	0.731406	0.338928	4.65696	0.404817	0.00925	1	36.6578	1	2000	0.03094
null2_227	1	563	G	A	0.0314987	0.0722281	0.190183	-0.765995	0.491	1	999.676	1	2000	0.6627
null2_228	1	564	A	G	0.128393	0.223448	0.330165	-0.2911	0.0255	1	99.399	1	2000	0.5655
null2_229	1	565	G	A	-0.236736	0.158564	2.22905	-0.0715922	0.063	1	236.124	1	2000	0.1355
null2_230	1	566	A	G	-0.237116	0.152879	2.4056	-0.0493803	0.06875	1	256.094	1	2000	0.121
null2_231	1	567	A	G	-0.0964008	0.105853	0.829374	-0.492075	0.1488	1	506.634	1	2000	0.3625
null2_232	1	568	A	G	0.0198026	0.075756	0.06833	-0.789558	0.4475	1	988.975	1	2000	0.7938
null2_233	1	569	G	A	-0.167354	0.0971859	2.96528	-0.0841361	0.1883	1	611.372	2	2000	0.085
null2_234	1	570	G	A	-0.00722605	0.0761679	0.00900032	-0.792606	0.3832	1	945.431	2	2000	0.9244
null2_235	1	571	G	A	0.0989399	0.0734521	1.81441	-0.415842	0.4148	1	970.964	2	2000	0.1781
null2_236	1	572	G	A	0.0449734	0.0753197	0.356528	-0.725621	0.422	1	975.664	2	2000	0.5505
null2_237	1	573	A	G	0.0324672	0.135676	0.0572645	-0.535358	0.07725	1	285.13	2	2000	0.8109
null2_238	1	574	G	A	-0.0668879	0.102057	0.429549	-0.577872	0.1515	1	514.191	2	2000	0.5122
null2_239	1	575	A	G	0.154436	0.111748	1.90992	-0.222283	0.111	1	394.716	2	2000	0.1671
null2_240	1	576	G	A	-0.0111621	0.149345	0.00558607	-0.512663	0.0645	1	241.359	2	2000	0.9404
null2_241	1	577	A	G	-0.0957403	0.0746222	1.64609	-0.455098	0.4462	1	988.422	2	2000	0.1996
null2_242	1	578	A	G	0.0139029	0.0898701	0.0239321	-0.724297	0.2233	1	693.748	2	2000	0.877
null2_243	1	579	G	A	0.0344014	0.107337	0.10272	-0.632137	0.14	1	481.6	2	2000	0.7486
null2_244	1	580	A	G	0.109751	0.0773438	2.01356	-0.352359	0.3217	1	872.836	1	2000	0.1558
null2_245	1	581	A	G	-0.0476159	0.071743	0.440498	-0.712854	0.4873	1	999.355	1	2000	0.5069
null2_246	1	582	A	G	-0.012275	0.0783846	0.0245236	-0.778651	0.341	1	898.876	1	2000	0.8755
null2_247	1	583	G	A	0.0188218	0.102348	0.0338192	-0.649061	0.1422	1	487.917	1	2000	0.8541
null2_248	1	584	A	G	0.00498754	0.0994525	0.00251502	-0.679232	0.1635	1	547.071	1	2000	0.96
null2_249	1	585	A	G	0.146694	0.142838	1.05473	-0.30988	0.066	1	246.576	1	2000	0.3043
null2_250	1	586	G	A	0.0695261	0.130713	0.282918	-0.498739	0.081	1	297.756	1	2000	0.5948
null2_251	1	587	G	A	-0.0386369	0.101783	0.144096	-0.642715	0.1567	1	528.58	1	2000	0.7042
null2_252	1	588	A	G	-0.0598562	0.0738874	0.656262	-0.663584	0.434	1	982.576	1	2000	0.4179
null2_253	1	589	A	G	0.0227395	0.0828397	0.0753502	-0.733495	0.2567	1	763.22	2	2000	0.7837
null2_254	1	590	G	A	-0.0167393	0.0718734	0.0542424	-0.794239	0.4723	1	996.931	2	2000	0.8159
null2_255	1	591	G	A	-0.081644	0.0897976	0.826645	-0.551947	0.2173	1	680.323	2	2000	0.3632
null2_256	1	592	G	A	0.168054	0.116704	2.0736	-0.178664	0.104	1	372.736	2	2000	0.1498
null2_257	1	593	G	A	0.00598207	0.0773077	0.00598766	-0.775773	0.32	1	870.4	2	2000	0.9383
null2_258	1	594	G	A	0.0620354	0.142446	0.18966	-0.485923	0.068	1	253.504	2	2000	0.6632
null2_259	1	595	G	A	-0.0765571	0.144148	0.282067	-0.477233	0.07175	1	266.408	2	2000	0.5954
null2_260	1	596	G	A	-0.0558299	0.0778551	0.514232	-0.673994	0.3373	1	894.115	2	2000	0.4733
null2_261	1	597	A	G	-0.314437	0.44582	0.497448	-0.114553	0.00775	1	30.7598	2	2000	0.4806
null2_262	1	598	G	A	0.0421012	0.0942072	0.19972	-0.660249	0.1872	1	608.625	2	2000	0.655
null2_263	1	599	G	A	0.0256677	0.072775	0.124397	-0.768988	0.3872	1	949.105	2	2000	0.7243
null2_264	1	600	A	G	-0.0283995	0.0872488	0.10595	-0.713847	0.2338	1	716.55	1	2000	0.7448
null2_265	1	601	G	A	0.123102	0.119054	1.06916	-0.380662	0.1025	1	367.975	1	2000	0.3011
null2_266	1	602	G	A	0.110647	0.107008	1.06916	-0.41967	0.1295	1	450.919	1	2000	0.3012
null2_267	1	603	A	G	0.127513	0.092001	1.921	-0.295382	0.1802	1	590.912	1	2000	0.1657
null2_268	1	604	A	G	-0.0156214	0.125071	0.0156	-0.581323	0.095	1	343.9	1	2000	0.9006
null2_269	1	605	A	G	0.0788112	0.149122	0.279312	-0.450264	0.0615	1	230.871	1	2000	0.5971
null2_270	1	606	G	A	-0.157356	0.155336	1.02617	-0.314883	0.06575	1	245.708	1	2000	0.3111
null2_271	1	607	A	G	0.001998	0.0866437	0.000531764	-0.705633	0.1917	1	619.804	1	2000	0.9816
null2_272	1	608	A	G	-0.114401	0.131935	0.751862	-0.416531	0.08675	1	316.898	1	2000	0.3859
null2_273	1	609	A	G	-0.00833464	0.129099	0.00416799	-0.572817	0.0895	1	325.959	1	2000	0.9485
null2_274	1	610	A	G	-0.0166376	0.0778187	0.0457104	-0.767624	0.3207	1	871.406	1	2000	0.8307
null2_275	1	611	G	A	-0.025523	0.0964586	0.0700132	-0.674255	0.1727	1	571.499	1	2000	0.7914
null2_276	1	612	A	G	0.0158733	0.248293	0.00408704	-0.313572	0.02075	1	81.2777	1	2000	0.949
null2_277	1	613	G	A	0.0788112	0.076889	1.05062	-0.559834	0.3347	1	890.704	1	2000	0.3053
null2_278	1	614	A	G	0.0695261	0.0738539	0.886234	-0.616084	0.4462	1	988.422	1	2000	0.3465
null2_279	1	615	A	G	-0.0152152	0.0744018	0.0418203	-0.78776	0.3938	1	954.886	1	2000	0.838
null2_280	1	616	A	G	-0.0270629	0.0735605	0.13535	-0.767222	0.39	1	951.6	1	2000	0.713
null2_281	1	617	A	G	0.0695261	0.0732547	0.900791	-0.615225	0.485	1	999.1	1	2000	0.3426
null2_282	1	618	A	G	-0.0746158	0.0847425	0.77528	-0.582357	0.2495	1	748.999	1	2000	0.3786
null2_283	1	619	G	A	-0.0167393	0.0780024	0.0460532	-0.76824	0.3227	1	874.259	1	2000	0.8301
null2_284	1	620	G	A	0.0806579	0.0728617	1.22545	-0.545899	0.4708	1	996.589	1	2000	0.2684
null2_285	1	621	A	G	0.109751	0.0805215	1.85777	-0.369971	0.2812	1	808.506	1	2000	0.1728
null2_286	1	622	A	G	0.0217615	0.104925	0.0430148	-0.64932	0.144	1	493.056	1	2000	0.8357
null2_287	1	623	A	G	-0.114065	0.0911062	1.5675	-0.392485	0.211	1	665.916	1	2000	0.2105
null2_288	1	624	G	A	-0.199305	0.137832	2.09092	-0.141995	0.084	1	307.776	2	2000	0.1481
null2_289	1	625	A	G	0.0158733	0.0806163	0.0387696	-0.760343	0.2975	1	835.975	2	2000	0.8439
null2_290	1	626	G	A	0.225541	0.535726	0.177241	-0.0967276	0.00425	1	16.9277	2	2000	0.6737
null2_291	1	627	G	A	-0.115635	0.0908369	1.62053	-0.38626	0.2183	1	682.58	2	2000	0.2031
null2_292	1	628	A	G	0.0188218	0.0768235	0.060025	-0.782112	0.3847	1	946.824	2	2000	0.8065
null2_293	1	629	G	A	0.191446	0.168379	1.29277	-0.211131	0.0475	1	180.975	2	2000	0.2557
null2_294	1	630	G	A	-0.0883942	0.0784331	1.27013	-0.514879	0.3395	1	896.959	2	2000	0.2596
null2_295	1	631	G	A	0.697139	0.647297	1.15993	-0.00103693	0.0025	1	9.975	2	2000	0.2817
null2_296	1	632	G	A	-0.0934319	0.138152	0.457382	-0.457111	0.078	1	287.664	2	2000	0.4989
null2_297	1	633	G	A	0.0751075	0.140204	0.286974	-0.477499	0.07225	1	268.12	2	2000	0.5922
null2_298	1	634	A	G	0.105261	0.0821706	1.64096	-0.408953	0.2665	1	781.911	2	2000	0.2001
null2_299	1	635	A	G	-0.0449974	0.0739237	0.370516	-0.72127	0.4123	1	969.235	1	2000	0.5427
null2_300	1	636	A	G	-0.026036	0.323912	0.00646094	-0.244163	0.01325	1	52.2978	1	2000	0.9359
null2_301	1	637	G	A	0.0723207	0.083463	0.750822	-0.587115	0.2488	1	747.594	1	2000	0.3862
null2_302	1	638	A	G	-0.0396768	0.0753453	0.277308	-0.73792	0.394	1	955.056	2	2000	0.5984
null2_303	1	639	A	G	0.0834216	0.0796768	1.09621	-0.535425	0.293	1	828.604	2	2000	0.2949
null2_304	1	640	G	A	-0.198695	0.147838	1.80634	-0.180343	0.0745	1	275.799	2	2000	0.1789
null2_305	1	641	G	A	0.183987	0.484942	0.143944	-0.117646	0.00525	1	20.8897	2	2000	0.7044
null2_306	1	642	A	G	0.00299551	0.0764746	0.00153429	-0.784835	0.3455	1	904.519	2	2000	0.9688
null2_307	1	643	G	A	-0.17245	0.0872283	3.90853	0.076053	0.2492	1	748.397	2	2000	0.04805
null2_308	1	644	G	A	-0.140067	0.0764975	3.35256	-0.0812079	0.3642	1	926.233	2	2000	0.06704
null2_309	1	645	G	A	0.120446	0.100456	1.4376	-0.36975	0.1522	1	516.141	2	2000	0.2305
null2_310	1	646	A	G	0.153579	0.119517	1.65123	-0.2591	0.1005	1	361.599	2	2000	0.1986
null2_311	1	647	G	A	0.0188218	0.075287	0.0625	-0.773711	0.3518	1	912.147	2	2000	0.8026
null2_312	1	648	G	A	0.0009995	0.0523573	0.000364428	-0.785456	0.3468	1	906.119	2	2000	0.9848
null2_313	1	649	G	A	0.0825012	0.0937834	0.773872	-0.53312	0.1787	1	587.065	1	2000	0.379
null2_314	1	650	G	A	-0.0389488	0.0733084	0.28228	-0.745682	0.4682	1	995.955	1	2000	0.5952
null2_315	1	651	G	A	0.180653	0.101834	3.14708	-0.0116941	0.148	1	504.384	1	2000	0.07614
null2_316	1	652	G	A	0.0430595	0.086517	0.247705	-0.683767	0.2333	1	715.484	1	2000	0.6187
null2_317	1	653	G	A	0.0497421	0.0773714	0.41332	-0.691643	0.3257	1	878.478	1	2000	0.5203
null2_318	1	654	G	A	-0.084578	0.078024	1.17506	-0.530813	0.326	1	878.896	1	2000	0.2786
null2_319	1	655	A	G	-0.0517144	0.114286	0.204756	-0.582895	0.119	1	419.356	1	2000	0.6509
null2_320	1	656	G	A	-0.0446836	0.0725501	0.379333	-0.723806	0.4495	1	989.799	1	2000	0.538
null2_321	1	657	A	G	0.134531	0.0746564	3.2472	-0.104097	0.367	1	929.244	1	2000	0.07153
null2_322	1	658	G	A	-0.230798	0.074355	9.63482	1.23234	0.4703	1	996.472	1	2000	0.00191
null2_323	1	659	A	G	-0.0936516	0.0845231	1.22766	-0.497709	0.2702	1	788.768	1	2000	0.268
null2_324	1	660	A	G	-0.0915672	0.107929	0.719783	-0.50104	0.137	1	472.924	1	2000	0.3962
null2_325	1	661	A	G	0.127513	0.0731154	3.04154	-0.155199	0.4083	1	966.364	1	2000	0.08115
null2_326	1	662	G	A	-0.0462534	0.0738047	0.392753	-0.721518	0.4565	1	992.431	1	2000	0.5308
null2_327	1	663	G	A	-0.11205	0.077116	2.11121	-0.346413	0.377	1	939.484	1	2000	0.1462
null2_328	1	664	G	A	0.0198026	0.0752379	0.0692742	-0.790572	0.4635	1	994.671	1	2000	0.7924
null2_329	1	665	A	G	-0.0822952	0.0798983	1.0609	-0.556206	0.33	1	884.4	1	2000	0.3029
dis2_0	1	666	G	A	0.297137	0.0729888	16.573	2.69344	0.4825	1	998.775	2	2000	4.676e-05
dis2_1	1	667	G	A	0.406132	0.0785858	26.7082	4.83225	0.2715	1	791.151	2	2000	2.369e-07
dis2_2	1	668	G	A	0.385262	0.0737203	27.3111	4.94532	0.4718	1	996.819	2	2000	1.728e-07
dis2_3	1	669	G	A	0.352064	0.0948194	13.7864	2.17975	0.1535	1	519.751	2	2000	0.0002045
dis2_4	1	670	G	A	0.324255	0.0739633	19.2195	3.25004	0.462	1	994.224	2	2000	1.167e-05
null3_0	1	671	G	A	-0.0130852	0.0810734	0.02605	-0.753581	0.276	1	799.296	2	2000	0.8718
null3_1	1	672	G	A	0.0620354	0.0724289	0.733592	-0.647957	0.4412	1	986.17	2	2000	0.3917
null3_2	1	673	A	G	-0.184885	0.100536	3.38192	0.0204516	0.166	1	553.776	2	2000	0.06589
null3_3	1	674	G	A	0.0237165	0.0749574	0.100109	-0.7756	0.3948	1	955.732	2	2000	0.7517
null3_4	1	675	A	G	-0.0293258	0.0951828	0.0949256	-0.68127	0.1862	1	606.118	2	2000	0.758
null3_5	1	676	A	G	-0.0501361	0.150063	0.111623	-0.496633	0.06625	1	247.444	2	2000	0.7383
null3_6	1	677	A	G	-0.043534	0.0750069	0.336864	-0.728308	0.4117	1	968.812	1	2000	0.5616
null3_7	1	678	A	G	0.0305292	0.0847092	0.129888	-0.722071	0.2568	1	763.415	1	2000	0.7186
null3_8	1	679	G	A	-0.0513986	0.144256	0.12695	-0.499656	0.0685	1	255.231	1	2000	0.7216
null3_9	1	680	G	A	-0.0432207	0.0956845	0.204033	-0.653689	0.1807	1	592.19	1	2000	0.6515
null3_10	1	681	G	A	0.116004	0.146599	0.626156	-0.382953	0.06175	1	231.748	1	2000	0.4288
null3_11	1	682	G	A	-0.11991	0.0754153	2.5281	-0.262556	0.4002	1	960.16	1	2000	0.1118
null3_12	1	683	G	A	0.0535408	0.0841043	0.40526	-0.660718	0.2505	1	750.999	1	2000	0.5244
null3_13	1	684	G	A	-0.126357	0.0942964	1.7956	-0.335147	0.1975	1	633.975	1	2000	0.1803
null3_14	1	685	G	A	-0.0268575	0.0733209	0.134176	-0.777932	0.497	1	999.964	1	2000	0.7142
null3_15	1	686	A	G	0.079735	0.0734208	1.1794	-0.546015	0.3892	1	950.893	1	2000	0.2774
null3_16	1	687	G	A	0.157004	0.107537	2.1316	-0.200204	0.1288	1	448.842	1	2000	0.1443
null3_17	1	688	A	G	0.0295588	0.0749463	0.155551	-0.769788	0.4348	1	982.996	1	2000	0.6933
null3_18	1	689	G	A	0.0430595	0.0735305	0.342927	-0.732327	0.46	1	993.6	1	2000	0.5581
null3_19	1	690	A	G	0.00498754	0.146952	0.00115192	-0.550088	0.07875	1	290.194	1	2000	0.9729
null3_20	1	691	G	A	-0.0115666	0.0880262	0.017266	-0.729755	0.2295	1	707.319	1	2000	0.8954
null3_21	1	692	A	G	0.00399202	0.0724111	0.00303932	-0.805736	0.4963	1	999.945	1	2000	0.956
null3_22	1	693	G	A	-0.0518197	0.0953621	0.295284	-0.631056	0.1767	1	581.908	1	2000	0.5869
null3_23	1	694	G	A	0.0256677	0.096896	0.070172	-0.66997	0.1683	1	559.9	1	2000	0.791
null3_24	1	695	G	A	0.0440169	0.0741774	0.352124	-0.722625	0.397	1	957.564	1	2000	0.5529
null3_25	1	696	A	G	0.0582689	0.0816778	0.50894	-0.650027	0.2722	1	792.429	1	2000	0.4756
null3_26	1	697	A	G	-0.0673157	0.0758145	0.788366	-0.630188	0.3967	1	957.316	1	2000	0.3746
null3_27	1	698	G	A	0.0629748	0.0739228	0.725734	-0.648693	0.4325	1	981.775	1	2000	0.3943
null3_28	1	699	G	A	-0.0708517	0.0855904	0.685253	-0.605206	0.2568	1	763.415	1	2000	0.4078
null3_29	1	700	A	G	0.154436	0.0762649	4.10062	0.0908081	0.3127	1	859.675	1	2000	0.04289
null3_31	1	702	A	G	0.0760347	0.085847	0.784464	-0.579434	0.2477	1	745.379	1	2000	0.3758
null3_32	1	703	A	G	0.146694	0.154285	0.904021	-0.31515	0.057	1	215.004	1	2000	0.3417
null3_33	1	704	G	A	0.00895974	0.0792897	0.012769	-0.798931	0.4255	1	977.799	1	2000	0.91
null3_34	1	705	A	G	-0.0102524	0.0763962	0.0180096	-0.780533	0.3427	1	901.027	2	2000	0.8933
null3_35	1	706	G	A	-0.025523	0.0855901	0.0889232	-0.714712	0.2295	1	707.319	2	2000	0.7655
null3_36	1	707	G	A	-0.0201007	0.0855348	0.055225	-0.725122	0.2348	1	718.676	2	2000	0.8142
null3_37	1	708	G	A	-0.183442	0.147818	1.54008	-0.22957	0.07275	1	269.83	2	2000	0.2148
null3_38	1	709	G	A	0.0344014	0.0984023	0.12222	-0.650222	0.1595	1	536.239	2	2000	0.7266
null3_39	1	710	G	A	-0.24654	0.0979889	6.33026	0.611015	0.1977	1	634.459	2	2000	0.01186
null3_40	1	711	G	A	-0.105472	0.0718472	2.15502	-0.348944	0.4705	1	996.519	2	2000	0.1421
null3_41	1	712	A	G	0.146694	0.0722277	4.12496	0.072122	0.422	1	975.664	2	2000	0.04221
null3_42	1	713	G	A	0.162969	0.396421	0.169003	-0.157441	0.008	1	31.744	2	2000	0.681
null3_43	1	714	A	G	0.0806579	0.0840099	0.921792	-0.542536	0.2338	1	716.55	2	2000	0.337
null3_44	1	715	G	A	0.0227395	0.122255	0.034596	-0.570681	0.0915	1	332.511	2	2000	0.8525
null3_45	1	716	A	G	0.0449734	0.0771016	0.340239	-0.706686	0.3245	1	876.799	1	2000	0.5597
null3_46	1	717	G	A	-0.0364565	0.0878048	0.172391	-0.692819	0.2228	1	692.641	1	2000	0.678
null3_47	1	718	G	A	0.001998	0.0947819	0.000444366	-0.753946	0.2657	1	780.414	1	2000	0.9832
null3_48	1	719	A	G	0.0168571	0.0857432	0.0386516	-0.718844	0.2198	1	685.952	1	2000	0.8442
null3_49	1	720	G	A	0.0506931	0.0832536	0.370759	-0.66814	0.2508	1	751.597	1	2000	0.5426
null3_50	1	721	A	G	0.0237165	0.0886268	0.0716098	-0.695887	0.198	1	635.184	1	2000	0.789
null3_51	1	722	G	A	0.0217615	0.073643	0.0873202	-0.78416	0.434	1	982.576	1	2000	0.7676
null3_52	1	723	G	A	-0.0559356	0.0839496	0.443956	-0.659188	0.263	1	775.324	1	2000	0.5052
null3_53	1	724	G	A	-0.126925	0.0768309	2.7291	-0.21355	0.3668	1	929.031	1	2000	0.09848
null3_54	1	725	A	G	-0.188984	0.116369	2.63738	-0.0910733	0.1245	1	435.999	1	2000	0.1044
null3_55	1	726	G	A	-0.146877	0.0985753	2.2201	-0.232497	0.1795	1	589.119	1	2000	0.1362
null3_56	1	727	G	A	-0.0802344	0.0950644	0.712336	-0.549693	0.183	1	598.044	1	2000	0.3987
null3_57	1	728	G	A	-0.0590072	0.0760304	0.602331	-0.663455	0.3673	1	929.563	1	2000	0.4377
null3_58	1	729	G	A	-0.445194	0.638362	0.486367	-0.0696065	0.00425	1	16.9277	1	2000	0.4855
null3_59	1	730	A	G	0.0168571	0.0856126	0.0387696	-0.724791	0.2288	1	705.802	2	2000	0.8439
null3_60	1	731	G	A	0.179818	0.1149	2.44923	-0.114624	0.1128	1	400.305	2	2000	0.1175
null3_61	1	732	A	G	0.10436	0.0888927	1.37828	-0.423473	0.199	1	637.596	2	2000	0.2403
null3_62	1	733	A	G	-0.066781	0.0732007	0.832291	-0.628355	0.4565	1	992.431	2	2000	0.3616
null3_64	1	735	G	A	0.0898407	0.102161	0.773344	-0.502231	0.1475	1	502.975	2	2000	0.3792
null3_65	1	736	G	A	0.0401818	0.0780077	0.265328	-0.712935	0.2985	1	837.591	2	2000	0.6065
null3_66	1	737	A	G	-0.026344	0.108411	0.059049	-0.631364	0.1323	1	459.187	2	2000	0.808
null3_67	1	738	G	A	-0.479973	0.318285	2.27406	0.0751879	0.0175	1	68.775	2	2000	0.1315
null3_68	1	739	A	G	0.0861777	0.160959	0.286653	-0.414808	0.05075	1	192.698	2	2000	0.5924
null3_69	1	740	G	A	0.115113	0.0798286	2.07936	-0.337583	0.319	1	868.956	2	2000	0.1492
null3_70	1	741	G	A	-0.0520304	0.0916512	0.322283	-0.639718	0.1933	1	623.74	1	2000	0.5702
null3_71	1	742	A	G	-0.0601747	0.0749934	0.643846	-0.654552	0.3668	1	929.031	1	2000	0.4223
null3_72	1	743	G	A	0.00995033	0.0751536	0.0175298	-0.792409	0.3912	1	952.65	1	2000	0.8947
null3_73	1	744	G	A	0.208639	0.223382	0.872356	-0.188606	0.024	1	93.696	1	2000	0.3503
null3_74	1	745	A	G	-0.0756938	0.148245	0.260712	-0.473178	0.0685	1	255.231	1	2000	0.6096
null3_75	1	746	A	G	0.345007	0.328266	1.1046	-0.06649	0.011	1	43.516	1	2000	0.2932
null3_76	1	747	A	G	0.0535408	0.0721866	0.550119	-0.689692	0.4918	1	999.731	1	2000	0.4583
null3_77	1	748	A	G	0.0237165	0.0754103	0.0989103	-0.776222	0.3968	1	957.399	1	2000	0.7531
null3_78	1	749	G	A	-0.075586	0.0853404	0.784464	-0.574764	0.2395	1	728.559	1	2000	0.3758
null3_79	1	750	A	G	0.064851	0.101203	0.410625	-0.58102	0.1508	1	512.237	1	2000	0.5217
null3_80	1	751	A	G	-0.0155198	0.0831716	0.0348196	-0.742293	0.2572	1	764.193	1	2000	0.852
null3_81	1	752	A	G	-0.0109598	0.073953	0.0219632	-0.795378	0.414	1	970.416	1	2000	0.8822
null3_82	1	753	A	G	0.0305292	0.0928504	0.108109	-0.686258	0.1955	1	629.119	1	2000	0.7423
null3_84	1	755	G	A	0.0880109	0.414364	0.0451138	-0.164991	0.0075	1	29.775	1	2000	0.8318
null3_85	1	756	G	A	0.112435	0.125696	0.80013	-0.416886	0.092	1	334.144	1	2000	0.371
null3_86	1	757	A	G	0.291176	0.280246	1.07952	-0.101967	0.0155	1	61.039	1	2000	0.2986
null3_87	1	758	A	G	-0.00280393	0.0748912	0.00140175	-0.794486	0.3845	1	946.639	1	2000	0.9701
null3_88	1	759	A	G	-0.0371828	0.0938485	0.156974	-0.670107	0.1883	1	611.372	1	2000	0.6919
null3_89	1	760	G	A	-0.0761254	0.321475	0.0560742	-0.242169	0.01375	1	54.2437	1	2000	0.8128
null3_90	1	761	G	A	-0.0620882	0.0884699	0.492523	-0.635206	0.238	1	725.424	1	2000	0.4828
null3_91	1	762	G	A	-0.176737	0.0870626	4.1209	0.125252	0.24	1	729.6	1	2000	0.04231
null3_92	1	763	G	A	-0.0663535	0.0914968	0.525915	-0.614083	0.216	1	677.376	1	2000	0.4683
null3_94	1	765	A	G	0.001998	0.1	0.0003992	-0.771699	0.3057	1	848.99	2	2000	0.9841
null3_95	1	766	A	G	-0.00451016	0.0775874	0.0033791	-0.788603	0.3608	1	922.493	2	2000	0.9536
null3_96	1	767	A	G	-0.136851	0.163992	0.69639	-0.356304	0.05725	1	215.89	2	2000	0.404
null3_97	1	768	A	G	-0.736681	0.484659	2.3104	0.102501	0.009	1	35.676	2	2000	0.1285
null3_98	1	769	A	G	-0.105138	0.0727098	2.09092	-0.360866	0.446	1	988.336	2	2000	0.148
null3_99	1	770	A	G	0.0449734	0.0728786	0.380812	-0.720933	0.4255	1	977.799	2	2000	0.5371
null3_100	1	771	G	A	-0.0489802	0.0728222	0.452391	-0.709996	0.4763	1	997.753	2	2000	0.5012
null3_101	1	772	G	A	0.079735	0.0817627	0.951015	-0.543033	0.2452	1	740.308	2	2000	0.3295
null3_102	1	773	G	A	-0.0822952	0.103751	0.629166	-0.541114	0.1558	1	526.105	2	2000	0.4277
null3_103	1	774	A	G	0.00299551	0.0724778	0.00170817	-0.760804	0.2805	1	807.279	2	2000	0.967
null3_104	1	775	A	G	0.0944007	0.13279	0.505379	-0.446951	0.07775	1	286.82	1	2000	0.4771
null3_105	1	776	A	G	0.157004	0.108428	2.0967	-0.196334	0.12	1	422.4	1	2000	0.1476
null3_106	1	777	A	G	0.00697561	0.0767901	0.00825191	-0.804516	0.4878	1	999.405	1	2000	0.9276
null3_107	1	778	G	A	0.0971267	0.0809389	1.44	-0.458458	0.2823	1	810.427	1	2000	0.2303
null3_108	1	779	A	G	0.166362	0.0737418	5.08954	0.275015	0.4315	1	981.231	1	2000	0.02406
null3_109	1	780	G	A	0.116894	0.103446	1.2769	-0.395486	0.1452	1	496.468	1	2000	0.2585
null3_110	1	781	A	G	-0.195893	0.0818267	5.73124	0.438109	0.301	1	841.596	1	2000	0.01668
null3_111	1	782	A	G	-0.44926	0.182924	6.03194	0.685847	0.05325	1	201.658	1	2000	0.01405
null3_112	1	783	G	A	-0.00551518	0.0742585	0.00551603	-0.804241	0.466	1	995.376	1	2000	0.9408
null3_113	1	784	A	G	0.176471	0.0738373	5.7121	0.408394	0.4158	1	971.641	1	2000	0.01683
null3_114	1	785	A	G	-0.0922249	0.07222	1.63073	-0.460116	0.4728	1	997.041	1	2000	0.2015
null3_115	1	786	G	A	0.120446	0.149585	0.648347	-0.378601	0.06175	1	231.748	1	2000	0.4207
null3_116	1	787	A	G	-0.204076	0.156861	1.6926	-0.17385	0.06175	1	231.748	1	2000	0.1934
null3_117	1	788	A	G	-0.114513	0.0839541	1.8605	-0.363226	0.2675	1	783.775	1	2000	0.1726
null3_118	1	789	A	G	-0.114626	0.0948102	1.46168	-0.398326	0.189	1	613.116	1	2000	0.2268
null3_119	1	790	G	A	0.0778865	0.159636	0.238046	-0.431847	0.053	1	200.764	1	2000	0.6256
null3_120	1	791	G	A	-0.100373	0.320783	0.0979064	-0.238512	0.014	1	55.216	1	2000	0.7544
null3_121	1	792	A	G	0.131905	0.0772278	2.91726	-0.170755	0.354	1	914.736	1	2000	0.08762
null3_122	1	793	G	A	-0.00843548	0.0750487	0.0126338	-0.792312	0.3855	1	947.559	1	2000	0.9105
null3_123	1	794	G	A	0.0478373	0.0738458	0.419645	-0.711012	0.4133	1	969.932	1	2000	0.5171
null3_124	1	795	G	A	-0.0651787	0.0763217	0.729316	-0.635351	0.3622	1	924.045	1	2000	0.3931
null3_125	1	796	G	A	0.123102	0.0735817	2.79893	-0.210706	0.4432	1	987.095	1	2000	0.09437
null3_126	1	797	G	A	0.127513	0.0886125	2.07072	-0.290467	0.216	1	677.376	1	2000	0.1502
null3_127	1	798	A	G	0.0751075	0.0895309	0.703753	-0.563479	0.1977	1	634.459	1	2000	0.4015
null3_129	1	800	A	G	-0.0457299	0.0756491	0.36542	-0.723601	0.421	1	975.036	1	2000	0.5455
null3_130	1	801	G	A	0.0158733	0.147248	0.0116208	-0.529692	0.07125	1	264.694	1	2000	0.9142
null3_131	1	802	A	G	0.0276152	0.0740155	0.139204	-0.760414	0.363	1	924.924	1	2000	0.7091
null3_132	1	803	G	A	-0.0297378	0.0837921	0.125954	-0.726243	0.2632	1	775.703	2	2000	0.7226
null3_133	1	804	G	A	-0.0519251	0.0914818	0.32217	-0.647501	0.2032	1	647.639	2	2000	0.5703
null3_134	1	805	A	G	0.0285875	0.0725386	0.155315	-0.77267	0.4695	1	996.279	2	2000	0.6935
null3_135	1	806	G	A	-0.0634724	0.140644	0.203672	-0.503757	0.07625	1	281.744	2	2000	0.6518
null3_136	1	807	A	G	-0.0645385	0.0796182	0.657072	-0.638294	0.3202	1	870.688	2	2000	0.4176
null3_137	1	808	A	G	-0.0309748	0.0855658	0.131044	-0.712468	0.2402	1	730.016	2	2000	0.7174
null3_138	1	809	G	A	-0.128743	0.11965	1.15778	-0.37319	0.1092	1	389.101	2	2000	0.2819
null3_139	1	810	A	G	-0.0238829	0.0799295	0.0892814	-0.752584	0.3048	1	847.588	2	2000	0.7651
null3_140	1	811	A	G	-0.100815	0.0749556	1.80902	-0.421831	0.463	1	994.524	2	2000	0.1788
null3_141	1	812	G	A	0.202941	0.192543	1.11092	-0.194244	0.03375	1	130.444	2	2000	0.292
null3_142	1	813	A	G	-0.210474	0.109794	3.67489	0.105986	0.1393	1	479.582	2	2000	0.0553
null3_143	1	814	G	A	-0.0568879	0.0786396	0.523308	-0.667905	0.3242	1	876.377	1	2000	0.4695
null3_144	1	815	G	A	0.406798	0.867557	0.219867	-0.03741	0.0015	1	5.991	1	2000	0.6391
null3_145	1	816	A	G	0.265436	0.122377	4.70456	0.372892	0.091	1	330.876	1	2000	0.03008
null3_146	1	817	G	A	-0.0180621	0.0777535	0.0539633	-0.770278	0.334	1	889.776	1	2000	0.8163
null3_147	1	818	A	G	0.143234	0.0769249	3.46704	-0.0507236	0.339	1	896.316	1	2000	0.06262
null3_148	1	819	A	G	0.0285875	0.0818656	0.121941	-0.731802	0.2727	1	793.339	1	2000	0.7269
null3_149	1	820	A	G	-0.179725	0.198877	0.816674	-0.269322	0.03875	1	148.994	1	2000	0.3662
null3_150	1	821	A	G	0.174793	0.07956	4.82681	0.255155	0.2807	1	807.63	1	2000	0.02803
null3_151	1	822	A	G	-0.0648586	0.0788746	0.676177	-0.628959	0.3055	1	848.679	1	2000	0.4109
null3_152	1	823	G	A	0.00796817	0.0714634	0.0124322	-0.789528	0.3725	1	934.975	1	2000	0.9113
null3_153	1	824	A	G	0.0246926	0.0791176	0.0974064	-0.755401	0.317	1	866.044	1	2000	0.755
null3_154	1	825	G	A	-0.18983	0.144577	1.72397	-0.198836	0.0755	1	279.199	1	2000	0.1892
null3_155	1	826	A	G	0.0421012	0.0830726	0.256846	-0.687091	0.242	1	733.744	1	2000	0.6123
null3_156	1	827	G	A	-0.0544562	0.0886187	0.37761	-0.641641	0.211	1	665.916	1	2000	0.5389
null3_157	1	828	G	A	-0.0394687	0.178592	0.048841	-0.439879	0.04525	1	172.81	2	2000	0.8251
null3_158	1	829	G	A	0.0440169	0.107516	0.167608	-0.600928	0.1263	1	441.393	2	2000	0.6823
null3_159	1	830	A	G	0.0198026	0.124938	0.0251222	-0.573091	0.09175	1	333.328	2	2000	0.8741
null3_160	1	831	G	A	-0.0515038	0.0747299	0.474997	-0.69288	0.3782	1	940.659	2	2000	0.4907
null3_161	1	832	A	G	-0.0638987	0.11376	0.315507	-0.557226	0.117	1	413.244	2	2000	0.5743
null3_162	1	833	A	G	0.0178399	0.0806871	0.0488852	-0.747915	0.2742	1	796.057	2	2000	0.825
null3_163	1	834	G	A	0.0314987	0.0744825	0.178844	-0.764329	0.4303	1	980.568	2	2000	0.6724
null3_164	1	835	A	G	-0.0311811	0.0790596	0.155551	-0.74588	0.325	1	877.5	2	2000	0.6933
null3_165	1	836	G	A	0.0246926	0.0747808	0.109032	-0.78119	0.4505	1	990.199	2	2000	0.7412
null3_166	1	837	G	A	-0.411584	0.454337	0.820655	-0.0806219	0.00825	1	32.7278	2	2000	0.365
null3_167	1	838	A	G	-0.129653	0.149198	0.755161	-0.37656	0.069	1	256.956	2	2000	0.3848
null3_168	1	839	G	A	0.0732505	0.0736482	0.989229	-0.590823	0.4165	1	972.111	1	2000	0.32
null3_169	1	840	G	A	-0.0459392	0.0811791	0.320243	-0.697401	0.289	1	821.916	1	2000	0.5714
null3_170	1	841	A	G	0.00598207	0.111481	0.0028794	-0.647105	0.1355	1	468.559	1	2000	0.9572
null3_171	1	842	A	G	0.0305292	0.0777616	0.154135	-0.747826	0.33	1	884.4	1	2000	0.6946
null3_172	1	843	G	A	-0.158761	0.21769	0.531878	-0.283697	0.0305	1	118.279	1	2000	0.4658
null3_173	1	844	A	G	-0.0665672	0.113267	0.345391	-0.561465	0.1242	1	435.097	1	2000	0.5568
null3_174	1	845	G	A	0.0554347	0.0884973	0.392377	-0.638548	0.211	1	665.916	1	2000	0.531
null3_175	1	846	A	G	-0.0180621	0.0775532	0.0542424	-0.76729	0.325	1	877.5	1	2000	0.8159
null3_176	1	847	A	G	-0.0398849	0.0755826	0.278467	-0.729412	0.357	1	918.204	1	2000	0.5977
null3_177	1	848	A	G	0.497132	0.510089	0.949845	-0.0289559	0.00425	1	16.9277	1	2000	0.3298
null3_178	1	849	G	A	0.0751075	0.0842673	0.794416	-0.57555	0.2445	1	738.879	1	2000	0.3728
null3_179	1	850	A	G	-0.134217	0.0773141	3.0137	-0.149322	0.3498	1	909.76	1	2000	0.08253
null3_180	1	851	A	G	0.179818	0.263239	0.466626	-0.220379	0.0185	1	72.631	1	2000	0.4946
null3_181	1	852	G	A	0.124869	0.231754	0.290305	-0.280098	0.02275	1	88.9297	1	2000	0.59
null3_182	1	853	G	A	-0.0241902	0.073415	0.10857	-0.779366	0.4315	1	981.231	1	2000	0.7417
null3_183	1	854	G	A	-0.0129839	0.0861574	0.0227105	-0.729442	0.2308	1	710.125	1	2000	0.8802
null3_184	1	855	A	G	-0.0113643	0.106908	0.0112997	-0.648539	0.138	1	475.824	1	2000	0.9153
null3_185	1	856	A	G	-0.06145	0.0959856	0.409856	-0.605349	0.1747	1	576.72	1	2000	0.522
null3_186	1	857	A	G	-0.06145	0.0758267	0.656748	-0.646069	0.3448	1	903.652	1	2000	0.4177
null3_187	1	858	G	A	-0.0596439	0.0764861	0.608088	-0.661023	0.3623	1	924.155	1	2000	0.4355
null3_188	1	859	A	G	0.0657877	0.141692	0.215574	-0.482767	0.06875	1	256.094	1	2000	0.6424
null3_189	1	860	G	A	-0.165464	0.126309	1.7161	-0.247984	0.1018	1	365.747	1	2000	0.1901
null3_190	1	861	G	A	-0.0486652	0.0736793	0.43626	-0.705338	0.4	1	960	1	2000	0.5089
null3_191	1	862	G	A	0.33146	0.21426	2.39321	0.0712251	0.02425	1	94.6478	1	2000	0.1218
null3_192	1	863	G	A	-0.106583	0.07624	1.9544	-0.377032	0.3655	1	927.639	1	2000	0.1622
null3_193	1	864	G	A	0.0382587	0.0751792	0.258979	-0.733874	0.3583	1	919.684	1	2000	0.6108
null3_194	1	865	A	G	0.210261	0.0794037	7.0119	0.705389	0.308	1	852.544	1	2000	0.00809
null3_195	1	866	A	G	0.0685928	0.0883928	0.602176	-0.605584	0.2273	1	702.539	1	2000	0.4378
null3_196	1	867	G	A	-0.0956302	0.0900473	1.12784	-0.478801	0.203	1	647.164	2	2000	0.2882
null3_197	1	868	G	A	0.00796817	0.0727023	0.0120122	-0.802236	0.4565	1	992.431	2	2000	0.9127
null3_198	1	869	G	A	0.0178399	0.0763042	0.0546624	-0.767536	0.326	1	878.896	2	2000	0.8151
null3_199	1	870	A	G	0.0119286	0.155543	0.00588136	-0.500888	0.0605	1	227.359	2	2000	0.9389
null3_200	1	871	A	G	-0.10625	0.0878098	1.4641	-0.428227	0.233	1	714.844	2	2000	0.2264
null3_201	1	872	G	A	-0.0367677	0.272555	0.018198	-0.292881	0.0185	1	72.631	2	2000	0.8927
null3_202	1	873	G	A	-0.0225524	0.0728672	0.0957903	-0.781047	0.4233	1	976.468	2	2000	0.757
null3_203	1	874	G	A	0.0421012	0.109269	0.148456	-0.606516	0.1275	1	444.975	2	2000	0.7
null3_204	1	875	A	G	0.0732505	0.0853735	0.736164	-0.582235	0.235	1	719.1	2	2000	0.3909
null3_205	1	876	A	G	-0.166173	0.0954467	3.03108	-0.077952	0.1987	1	636.873	2	2000	0.0816
null3_206	1	877	A	G	1.10128	1.00116	1.21	0.00402666	0.001	1	3.996	0	2000	0.2714
null3_207	1	878	A	G	-0.0998203	0.0800484	1.55501	-0.445393	0.3107	1	856.662	1	2000	0.2125
null3_208	1	879	A	G	-0.318141	0.136776	5.41028	0.511147	0.09425	1	341.468	1	2000	0.02
null3_209	1	880	G	A	0.0825012	0.107662	0.587216	-0.519534	0.13	1	452.4	1	2000	0.4435
null3_210	1	881	A	G	-0.054773	0.471369	0.0135024	-0.148372	0.00625	1	24.8438	1	2000	0.9075
null3_211	1	882	A	G	0.076961	0.081337	0.895294	-0.571551	0.2785	1	803.751	1	2000	0.3441
null3_212	1	883	G	A	-0.111714	0.0759442	2.16384	-0.338829	0.3955	1	956.319	1	2000	0.1414
null3_213	1	884	G	A	0.0487902	0.0868152	0.315844	-0.673811	0.2405	1	730.639	1	2000	0.5741
null3_214	1	885	G	A	-0.0570996	0.0747084	0.584154	-0.681687	0.4682	1	995.955	1	2000	0.4447
null3_215	1	886	G	A	-0.0275768	0.125864	0.0480048	-0.578051	0.09675	1	349.558	1	2000	0.8265
null3_216	1	887	A	G	0.00399202	0.0720062	0.00307359	-0.803721	0.4513	1	990.513	1	2000	0.9558
null3_217	1	888	A	G	-0.116983	0.109535	1.14062	-0.408104	0.132	1	458.304	1	2000	0.2853
null3_218	1	889	A	G	0.129272	0.316611	0.166709	-0.204468	0.01175	1	46.4477	1	2000	0.6831
null3_219	1	890	G	A	-0.3102	0.236975	1.71348	-0.0657515	0.029	1	112.636	1	2000	0.1907
null3_220	1	891	G	A	0.0382587	0.388611	0.0096924	-0.18777	0.00875	1	34.6938	1	2000	0.9216
null3_221	1	892	A	G	-0.0345914	0.0729777	0.224676	-0.757561	0.4625	1	994.375	1	2000	0.6355
null3_222	1	893	G	A	0.0962189	0.100103	0.923905	-0.479667	0.1555	1	525.279	1	2000	0.3364
null3_223	1	894	G	A	-0.0642186	0.0825962	0.604506	-0.618815	0.2505	1	750.999	1	2000	0.4369
null3_224	1	895	A	G	0.767327	0.587539	1.70564	0.0349923	0.003	1	11.964	1	2000	0.1917
null3_225	1	896	G	A	0.116894	0.203967	0.328444	-0.329369	0.03225	1	124.84	1	2000	0.5666
null3_226	1	897	A	G	-0.0540339	0.07992	0.457111	-0.678531	0.3145	1	862.359	1	2000	0.499
null3_227	1	898	A	G	-0.0144032	0.0758464	0.036062	-0.78406	0.3705	1	932.919	1	2000	0.8493
null3_228	1	899	A	G	-0.0599623	0.0730713	0.673384	-0.661006	0.4442	1	987.545	1	2000	0.4119
null3_230	1	901	G	A	-0.0699934	0.0727431	0.925829	-0.609265	0.4682	1	995.955	1	2000	0.336
null3_231	1	902	A	G	0.0285875	0.0823609	0.120478	-0.729666	0.2677	1	784.147	1	2000	0.7285
null3_232	1	903	A	G	0.404131	0.216925	3.47077	0.254733	0.025	1	97.5	2	2000	0.06241
null3_233	1	904	A	G	0.00995033	0.0745343	0.0178222	-0.781041	0.3443	1	903.03	2	2000	0.8938
null3_234	1	905	G	A	-0.11149	0.174722	0.407172	-0.384665	0.04875	1	185.494	2	2000	0.5234
null3_235	1	906	A	G	-0.0780697	0.0827974	0.88906	-0.573315	0.2795	1	805.519	2	2000	0.3458
null3_236	1	907	A	G	-0.688558	0.31687	4.72193	0.469318	0.0205	1	80.319	2	2000	0.02977
null3_237	1	908	G	A	0.0139029	0.0787254	0.0311876	-0.762875	0.2998	1	839.68	2	2000	0.8599
null3_238	1	909	A	G	0.0344014	0.0729153	0.222595	-0.754961	0.4295	1	980.119	2	2000	0.6371
null3_239	1	910	G	A	0.0198026	0.0720096	0.075625	-0.787893	0.4462	1	988.422	2	2000	0.7833
null3_240	1	911	A	G	-0.0983849	0.0747038	1.73449	-0.427865	0.3857	1	947.742	2	2000	0.188
null3_241	1	912	G	A	-0.0313875	0.11246	0.0778968	-0.615451	0.1235	1	432.991	2	2000	0.7802
null3_242	1	913	G	A	-0.0978334	0.0733934	1.77689	-0.426437	0.4363	1	983.769	2	2000	0.1824
null3_243	1	914	G	A	-0.0537173	0.0849285	0.400056	-0.658439	0.2445	1	738.879	1	2000	0.5271
null3_244	1	915	A	G	0.0852598	0.109518	0.606062	-0.503442	0.121	1	425.436	1	2000	0.4362
null3_245	1	916	A	G	-0.180204	0.0766825	5.5225	0.379691	0.3522	1	912.621	1	2000	0.01876
null3_246	1	917	G	A	0.001998	0.0945576	0.000446477	-0.738468	0.2378	1	725.005	1	2000	0.9831
null3_247	1	918	A	G	-0.118333	0.0783663	2.2801	-0.302612	0.3435	1	902.031	1	2000	0.131
null3_248	1	919	G	A	-20.1048	24378.4	6.8013e-07	-0.00851458	0.00025	1	0.99975	0	2000	0.9993
null3_249	1	920	A	G	0.216723	0.243673	0.791032	-0.187515	0.0215	1	84.151	1	2000	0.3738
null3_250	1	921	G	A	-0.103141	0.0906334	1.29504	-0.458023	0.2238	1	694.854	1	2000	0.255
null3_251	1	922	G	A	0.0843411	0.0899831	0.878531	-0.529981	0.2017	1	644.068	1	2000	0.3486
null3_252	1	923	A	G	-0.0391567	0.0735475	0.28345	-0.743754	0.4453	1	988.032	1	2000	0.5945
null3_253	1	924	G	A	-0.12511	0.0727383	2.9584	-0.178573	0.4657	1	995.294	1	2000	0.08544
null3_254	1	925	G	A	0.0372958	0.0886728	0.176904	-0.681716	0.2083	1	659.644	1	2000	0.674
null3_255	1	926	A	G	0.0421012	0.0722023	0.340006	-0.734275	0.495	1	999.9	1	2000	0.5598
null3_256	1	927	A	G	0.0592119	0.0868336	0.464988	-0.624194	0.2122	1	668.685	1	2000	0.4953
null3_257	1	928	A	G	-0.0196926	0.16248	0.0146894	-0.484234	0.05575	1	210.568	1	2000	0.9035
null3_258	1	929	A	G	-0.0142003	0.0754535	0.0354192	-0.780706	0.3565	1	917.631	1	2000	0.8507
null3_259	1	930	A	G	-0.0139975	0.0837673	0.0279224	-0.74147	0.253	1	755.964	1	2000	0.8673
null3_260	1	931	A	G	-0.0732161	0.102933	0.505948	-0.568987	0.158	1	532.144	1	2000	0.4769
null3_261	1	932	G	A	0.07139	0.0786407	0.824101	-0.59383	0.2955	1	832.719	1	2000	0.364
null3_262	1	933	A	G	-0.276544	0.138203	4.004	0.238216	0.0865	1	316.071	1	2000	0.04543
null3_263	1	934	G	A	-0.116871	0.141473	0.682441	-0.405339	0.075	1	277.5	1	2000	0.4087
null3_264	1	935	A	G	0.0760347	0.0750589	1.02617	-0.583279	0.4185	1	973.431	1	2000	0.3111
null3_265	1	936	A	G	0.00995033	0.0744785	0.017849	-0.786421	0.3643	1	926.342	1	2000	0.8937
null3_266	1	937	A	G	-0.031078	0.0789582	0.154921	-0.736437	0.299	1	838.396	1	2000	0.6939
null3_267	1	938	G	A	0.168054	0.0757681	4.91952	0.252036	0.354	1	914.736	1	2000	0.02655
null3_268	1	939	A	G	0.113329	0.0749033	2.28917	-0.318492	0.4417	1	986.404	1	2000	0.1302
null3_269	1	940	G	A	-0.0513986	0.161276	0.10157	-0.471362	0.057	1	215.004	1	2000	0.75
null3_270	1	941	G	A	-0.00662188	0.072872	0.00825736	-0.804238	0.4782	1	998.099	1	2000	0.9276
null3_271	1	942	A	G	0.0825012	0.152329	0.293331	-0.438631	0.0585	1	220.311	1	2000	0.5881
null3_272	1	943	A	G	-0.0488752	0.0809594	0.364454	-0.685678	0.2835	1	812.511	2	2000	0.5461
null3_273	1	944	G	A	-0.177453	0.0853141	4.3264	0.157798	0.262	1	773.424	2	2000	0.03756
null3_274	1	945	G	A	-0.0377019	0.0763041	0.244135	-0.738332	0.3635	1	925.471	2	2000	0.6212
null3_275	1	946	G	A	0.0227395	0.172792	0.0173186	-0.441839	0.04425	1	169.168	2	2000	0.8953
null3_276	1	947	A	G	-0.130337	0.0793767	2.69616	-0.204401	0.31	1	855.6	2	2000	0.1006
null3_277	1	948	A	G	0.0285875	0.0871569	0.107584	-0.701903	0.2162	1	677.83	2	2000	0.7429
null3_278	1	949	G	A	0.193921	0.260122	0.55577	-0.204124	0.01825	1	71.6677	2	2000	0.456
null3_279	1	950	G	A	0.0449734	0.0925759	0.236002	-0.658153	0.1938	1	624.966	2	2000	0.6271
null3_280	1	951	G	A	-0.0837077	0.104844	0.637443	-0.523801	0.1418	1	486.771	2	2000	0.4247
null3_281	1	952	A	G	-0.104916	0.0744086	1.9881	-0.384177	0.468	1	995.904	2	2000	0.1586
null3_282	1	953	G	A	0.0944007	0.0759458	1.54505	-0.463433	0.3648	1	926.884	2	2000	0.2138
null3_283	1	954	G	A	0.0639133	0.0906443	0.497166	-0.614583	0.2082	1	659.411	1	2000	0.4807
null3_284	1	955	A	G	0.0119286	0.126416	0.00890381	-0.577356	0.09225	1	334.96	1	2000	0.9248
null3_285	1	956	G	A	0.102557	0.072994	1.97402	-0.385227	0.4417	1	986.404	1	2000	0.1599
null3_286	1	957	A	G	0.215111	0.0738707	8.47974	0.990506	0.4385	1	984.871	1	2000	0.003595
null3_287	1	958	A	G	0.135405	0.20954	0.417574	-0.301546	0.03	1	116.4	1	2000	0.5182
null3_288	1	959	G	A	-0.432785	0.496085	0.761082	-0.0752793	0.007	1	27.804	1	2000	0.383
null3_289	1	960	A	G	0.0363319	0.125978	0.0831746	-0.557371	0.08975	1	326.78	1	2000	0.773
null3_290	1	961	A	G	-0.133646	0.123632	1.16856	-0.361253	0.103	1	369.564	1	2000	0.2797
null3_291	1	962	A	G	-0.0620882	0.0899568	0.476376	-0.621453	0.2117	1	667.532	1	2000	0.4901
null3_292	1	963	A	G	-0.0248051	0.0843425	0.0864948	-0.721412	0.2395	1	728.559	1	2000	0.7687
null3_293	1	964	A	G	0.176471	0.0838741	4.42682	0.181991	0.2552	1	760.292	1	2000	0.03533
null3_294	1	965	G	A	0.0898407	0.0746806	1.44721	-0.488517	0.385	1	947.1	1	2000	0.2288
null3_295	1	966	A	G	-0.0583709	0.0729181	0.6408	-0.669558	0.466	1	995.376	1	2000	0.4234
null3_296	1	967	A	G	-0.161461	0.0808111	3.992	0.0732066	0.2973	1	835.651	1	2000	0.04574
null3_297	1	968	A	G	0.103459	0.120245	0.740288	-0.438091	0.097	1	350.364	1	2000	0.3896
null3_298	1	969	A	G	0.0563803	0.0964921	0.341406	-0.620805	0.176	1	580.096	1	2000	0.559
null3_299	1	970	A	G	0.0353671	0.0767683	0.212244	-0.741813	0.351	1	911.196	2	2000	0.645
null3_300	1	971	G	A	-0.0620882	0.0734772	0.714025	-0.654954	0.4925	1	999.775	2	2000	0.3981
null3_301	1	972	G	A	-0.0865388	0.0961862	0.80946	-0.526406	0.1795	1	589.119	2	2000	0.3683
null3_302	1	973	G	A	-0.0275768	0.0858822	0.103105	-0.719228	0.2417	1	733.124	2	2000	0.7481
null3_303	1	974	A	G	0.0305292	0.074136	0.169579	-0.770356	0.4905	1	999.639	2	2000	0.6805
null3_304	1	975	A	G	0.0685928	0.0948331	0.523163	-0.580642	0.1735	1	573.591	2	2000	0.4695
null3_305	1	976	G	A	-0.03335	0.0818605	0.165975	-0.727303	0.283	1	811.644	2	2000	0.6837
null3_306	1	977	G	A	-0.0875206	0.0780041	1.25888	-0.519522	0.3475	1	906.975	2	2000	0.2618
null3_307	1	978	A	G	0.111541	0.0743114	2.253	-0.326515	0.4457	1	988.206	2	2000	0.1333
null3_308	1	979	G	A	0.08158	0.0973044	0.702915	-0.530665	0.1605	1	538.959	2	2000	0.4018
null3_309	1	980	A	G	0.178146	0.118764	2.25	-0.133218	0.09775	1	352.78	2	2000	0.1335
null3_310	1	981	A	G	-0.0737542	0.0733143	1.01204	-0.590348	0.4577	1	992.843	2	2000	0.3146
null3_311	1	982	G	A	-0.132161	0.0841253	2.46804	-0.235623	0.268	1	784.704	2	2000	0.1163
null3_312	1	983	G	A	-0.0822952	0.0783764	1.1025	-0.54565	0.3245	1	876.799	2	2000	0.2938
null3_313	1	984	G	A	0.175633	0.0830807	4.469	0.195243	0.246	1	741.936	2	2000	0.03451
null3_314	1	985	G	A	-0.200526	0.0851853	5.54132	0.413173	0.2615	1	772.471	2	2000	0.01855
null3_315	1	986	A	G	0.0168571	0.0854823	0.0388878	-0.729721	0.2367	1	722.692	2	2000	0.8437
null3_316	1	987	A	G	0.0421012	0.0752344	0.313152	-0.729857	0.3915	1	952.911	2	2000	0.5757
null3_317	1	988	A	G	0.0256677	0.0805136	0.101633	-0.758271	0.328	1	881.664	2	2000	0.7498
null3_318	1	989	G	A	0.216723	0.321738	0.453737	-0.1664	0.012	1	47.424	2	2000	0.5006
null3_319	1	990	G	A	-0.030253	0.0741496	0.166464	-0.770771	0.4805	1	998.479	2	2000	0.6833
null3_320	1	991	A	G	0.0344014	0.0767375	0.200973	-0.743727	0.3493	1	909.158	2	2000	0.6539
null3_321	1	992	G	A	0.0314987	0.0975795	0.1042	-0.650994	0.1567	1	528.58	1	2000	0.7468
null3_322	1	993	G	A	0.0487902	0.0981299	0.247208	-0.624787	0.16	1	537.6	1	2000	0.619
null3_323	1	994	G	A	0.00995033	0.0739252	0.0181172	-0.780362	0.3422	1	900.397	1	2000	0.893
null3_324	1	995	G	A	0.0295588	0.0835466	0.125174	-0.72407	0.2587	1	767.097	1	2000	0.7235
null3_325	1	996	G	A	-0.0584769	0.0738252	0.627422	-0.671153	0.4487	1	989.473	1	2000	0.4283
null3_326	1	997	A	G	-0.134904	0.225365	0.358322	-0.305269	0.02875	1	111.694	1	2000	0.5494
null3_327	1	998	G	A	0.179818	0.0704066	6.52292	0.57668	0.4457	1	988.206	1	2000	0.01065
null3_328	1	999	A	G	-0.0474061	0.100373	0.223067	-0.628442	0.1587	1	534.057	1	2000	0.6367
null3_329	1	1000	G	A	-0.109703	0.0814427	1.81441	-0.384713	0.2948	1	831.572	1	2000	0.178
