SNP.id	SNP.chr	SNP.bp	Gene.id	Gene.name	Gene.start	Gene.end	SNP.maf	SNP.qual	SNP.ESampleSize
null2_0	2	1	35	gene1	0	36	0.03375	1	130.444
null2_1	2	2	35	gene1	0	36	0.38625	1	948.244
null2_2	2	3	35	gene1	0	36	0.2015	1	643.591
null2_3	2	4	35	gene1	0	36	0.365	1	927.1
null2_4	2	5	35	gene1	0	36	0.44025	1	985.72
null2_5	2	6	35	gene1	0	36	0.17275	1	571.63
null2_6	2	7	35	gene1	0	36	0.27875	1	804.194
null2_7	2	8	35	gene1	0	36	0.1465	1	500.151
null2_8	2	9	35	gene1	0	36	0.46175	1	994.148
null2_9	2	10	35	gene1	0	36	0.36875	1	931.094
null2_10	2	11	35	gene1	0	36	0.357	1	918.204
null2_11	2	12	35	gene1	0	36	0.0095	1	37.639
null2_12	2	13	35	gene1	0	36	0.04025	1	154.52
null2_13	2	14	35	gene1	0	36	0.14475	1	495.19
null2_14	2	15	35	gene1	0	36	0.378	1	940.464
null2_15	2	16	35	gene1	0	36	0.15025	1	510.7
null2_16	2	17	35	gene1	0	36	0.0235	1	91.791
null2_17	2	18	35	gene1	0	36	0.131	1	455.356
null2_18	2	19	35	gene1	0	36	0.198	1	635.184
null2_19	2	20	35	gene1	0	36	0.47825	1	998.108
null2_20	2	21	35	gene1	0	36	0.36325	1	925.198
null2_21	2	22	35	gene1	0	36	0.16425	1	549.088
null2_22	2	23	35	gene1	0	36	0.15475	1	523.21
null2_23	2	24	35	gene1	0	36	0.21225	1	668.8
null2_24	2	25	35	gene1	0	36	0.36125	1	922.994
null2_25	2	26	35	gene1	0	36	0.23125	1	711.094
null2_26	2	27	35	gene1	0	36	0.39975	1	959.8
null2_27	2	28	35	gene1	0	36	0.493	1	999.804
null2_28	2	29	35	gene1	0	36	0.1415	1	485.911
null2_29	2	30	35	gene1	0	36	0.3215	1	872.551
null2_30	2	31	35	gene1	0	36	0.11925	1	420.118
null2_30	2	31	36	Gene2	36	49	0.11925	1	420.118
null2_31	2	32	35	gene1	0	36	0.3565	1	917.631
null2_31	2	32	36	Gene2	36	49	0.3565	1	917.631
null2_32	2	33	35	gene1	0	36	0.0015	1	5.991
null2_32	2	33	36	Gene2	36	49	0.0015	1	5.991
null2_33	2	34	35	gene1	0	36	0.071	1	263.836
null2_33	2	34	36	Gene2	36	49	0.071	1	263.836
null2_34	2	35	35	gene1	0	36	0.116	1	410.176
null2_34	2	35	36	Gene2	36	49	0.116	1	410.176
null2_35	2	36	35	gene1	0	36	0.4875	1	999.375
null2_35	2	36	36	Gene2	36	49	0.4875	1	999.375
null2_36	2	37	35	gene1	0	36	0.0945	1	342.279
null2_36	2	37	36	Gene2	36	49	0.0945	1	342.279
null2_37	2	38	35	gene1	0	36	0.42775	1	979.12
null2_37	2	38	36	Gene2	36	49	0.42775	1	979.12
null2_38	2	39	35	gene1	0	36	0.12775	1	445.72
null2_38	2	39	36	Gene2	36	49	0.12775	1	445.72
null2_39	2	40	35	gene1	0	36	0.3505	1	910.599
null2_39	2	40	36	Gene2	36	49	0.3505	1	910.599
null2_40	2	41	35	gene1	0	36	0.19325	1	623.618
null2_40	2	41	36	Gene2	36	49	0.19325	1	623.618
null2_41	2	42	36	Gene2	36	49	0.46175	1	994.148
null2_42	2	43	36	Gene2	36	49	0.3715	1	933.951
null2_43	2	44	36	Gene2	36	49	0.41225	1	969.2
null2_43	2	44	37	Gene3	49	75	0.41225	1	969.2
null2_44	2	45	36	Gene2	36	49	0.05225	1	198.08
null2_44	2	45	37	Gene3	49	75	0.05225	1	198.08
null2_45	2	46	36	Gene2	36	49	0.498	1	999.984
null2_45	2	46	37	Gene3	49	75	0.498	1	999.984
null2_46	2	47	36	Gene2	36	49	0.2875	1	819.375
null2_46	2	47	37	Gene3	49	75	0.2875	1	819.375
null2_47	2	48	36	Gene2	36	49	0.49575	1	999.928
null2_47	2	48	37	Gene3	49	75	0.49575	1	999.928
null2_48	2	49	36	Gene2	36	49	0.4885	1	999.471
null2_48	2	49	37	Gene3	49	75	0.4885	1	999.471
null2_49	2	50	36	Gene2	36	49	0.38575	1	947.788
null2_49	2	50	37	Gene3	49	75	0.38575	1	947.788
null2_50	2	51	36	Gene2	36	49	0.079	1	291.036
null2_50	2	51	37	Gene3	49	75	0.079	1	291.036
null2_51	2	52	36	Gene2	36	49	0.322	1	873.264
null2_51	2	52	37	Gene3	49	75	0.322	1	873.264
null2_52	2	53	36	Gene2	36	49	0.38025	1	942.64
null2_52	2	53	37	Gene3	49	75	0.38025	1	942.64
null2_53	2	54	36	Gene2	36	49	0.02175	1	85.1078
null2_53	2	54	37	Gene3	49	75	0.02175	1	85.1078
null2_54	2	55	37	Gene3	49	75	0.1135	1	402.471
null2_55	2	56	37	Gene3	49	75	0.418	1	973.104
null2_56	2	57	37	Gene3	49	75	0.1425	1	488.775
null2_57	2	58	37	Gene3	49	75	0.471	1	996.636
null2_58	2	59	37	Gene3	49	75	0.38025	1	942.64
null2_59	2	60	37	Gene3	49	75	0.24225	1	734.26
null2_60	2	61	37	Gene3	49	75	0.26575	1	780.508
null2_61	2	62	37	Gene3	49	75	0.38825	1	950.048
null2_62	2	63	37	Gene3	49	75	0.39375	1	954.844
null2_63	2	64	37	Gene3	49	75	0.46675	1	995.578
null2_64	2	65	37	Gene3	49	75	0.0555	1	209.679
null2_65	2	66	37	Gene3	49	75	0.4045	1	963.519
null2_66	2	67	37	Gene3	49	75	0.0785	1	289.351
null2_67	2	68	37	Gene3	49	75	0.35325	1	913.858
null2_68	2	69	37	Gene3	49	75	0.22475	1	696.95
null2_69	2	70	37	Gene3	49	75	0.37425	1	936.748
null2_69	2	70	38	Gene4	75	104	0.37425	1	936.748
null2_70	2	71	37	Gene3	49	75	0.339	1	896.316
null2_70	2	71	38	Gene4	75	104	0.339	1	896.316
null2_71	2	72	37	Gene3	49	75	0.11925	1	420.118
null2_71	2	72	38	Gene4	75	104	0.11925	1	420.118
null2_72	2	73	37	Gene3	49	75	0.24525	1	740.41
null2_72	2	73	38	Gene4	75	104	0.24525	1	740.41
null2_73	2	74	37	Gene3	49	75	0.02775	1	107.92
null2_73	2	74	38	Gene4	75	104	0.02775	1	107.92
null2_74	2	75	37	Gene3	49	75	0.1085	1	386.911
null2_74	2	75	38	Gene4	75	104	0.1085	1	386.911
null2_75	2	76	37	Gene3	49	75	0.152	1	515.584
null2_75	2	76	38	Gene4	75	104	0.152	1	515.584
null2_76	2	77	37	Gene3	49	75	0.25775	1	765.26
null2_76	2	77	38	Gene4	75	104	0.25775	1	765.26
null2_77	2	78	37	Gene3	49	75	0.15525	1	524.59
null2_77	2	78	38	Gene4	75	104	0.15525	1	524.59
null2_78	2	79	37	Gene3	49	75	0.26175	1	772.948
null2_78	2	79	38	Gene4	75	104	0.26175	1	772.948
null2_79	2	80	37	Gene3	49	75	0.0315	1	122.031
null2_79	2	80	38	Gene4	75	104	0.0315	1	122.031
null2_80	2	81	38	Gene4	75	104	0.44275	1	986.89
null2_81	2	82	38	Gene4	75	104	0.0415	1	159.111
null2_82	2	83	38	Gene4	75	104	0.42875	1	979.694
null2_83	2	84	38	Gene4	75	104	0.49125	1	999.694
null2_84	2	85	38	Gene4	75	104	0.0185	1	72.631
null2_85	2	86	38	Gene4	75	104	0.17475	1	576.85
null2_86	2	87	38	Gene4	75	104	0.431	1	980.956
null2_87	2	88	38	Gene4	75	104	0.47975	1	998.36
null2_88	2	89	38	Gene4	75	104	0.44325	1	987.118
null2_89	2	90	38	Gene4	75	104	0.323	1	874.684
null2_90	2	91	38	Gene4	75	104	0.38025	1	942.64
null2_91	2	92	38	Gene4	75	104	0.35975	1	921.32
null2_92	2	93	38	Gene4	75	104	0.14175	1	486.628
null2_93	2	94	38	Gene4	75	104	0.28475	1	814.67
null2_94	2	95	38	Gene4	75	104	0.3325	1	887.775
null2_95	2	96	38	Gene4	75	104	0.09825	1	354.388
null2_96	2	97	38	Gene4	75	104	0.4175	1	972.775
null2_97	2	98	38	Gene4	75	104	0.381	1	943.356
null2_98	2	99	38	Gene4	75	104	0.395	1	955.9
null2_98	2	99	39	Gene5	104	141	0.395	1	955.9
null2_99	2	100	38	Gene4	75	104	0.254	1	757.936
null2_99	2	100	39	Gene5	104	141	0.254	1	757.936
null2_100	2	101	38	Gene4	75	104	0.295	1	831.9
null2_100	2	101	39	Gene5	104	141	0.295	1	831.9
null2_101	2	102	38	Gene4	75	104	0.01675	1	65.8777
null2_101	2	102	39	Gene5	104	141	0.01675	1	65.8777
null2_102	2	103	38	Gene4	75	104	0.19325	1	623.618
null2_102	2	103	39	Gene5	104	141	0.19325	1	623.618
null2_103	2	104	38	Gene4	75	104	0.415	1	971.1
null2_103	2	104	39	Gene5	104	141	0.415	1	971.1
null2_104	2	105	38	Gene4	75	104	0.13625	1	470.744
null2_104	2	105	39	Gene5	104	141	0.13625	1	470.744
null2_105	2	106	38	Gene4	75	104	0.30575	1	849.068
null2_105	2	106	39	Gene5	104	141	0.30575	1	849.068
null2_106	2	107	38	Gene4	75	104	0.448	1	989.184
null2_106	2	107	39	Gene5	104	141	0.448	1	989.184
null2_107	2	108	38	Gene4	75	104	0.49825	1	999.988
null2_107	2	108	39	Gene5	104	141	0.49825	1	999.988
null2_108	2	109	38	Gene4	75	104	0.306	1	849.456
null2_108	2	109	39	Gene5	104	141	0.306	1	849.456
null2_109	2	110	39	Gene5	104	141	0.04925	1	187.298
null2_110	2	111	39	Gene5	104	141	0.4475	1	988.975
null2_111	2	112	39	Gene5	104	141	0.35575	1	916.768
null2_112	2	113	39	Gene5	104	141	0.01275	1	50.3498
null2_113	2	114	39	Gene5	104	141	0.36175	1	923.548
null2_114	2	115	39	Gene5	104	141	0.16475	1	550.43
null2_115	2	116	39	Gene5	104	141	0.234	1	716.976
null2_116	2	117	39	Gene5	104	141	0.48225	1	998.74
null2_117	2	118	39	Gene5	104	141	0.05575	1	210.568
null2_118	2	119	39	Gene5	104	141	0.376	1	938.496
null2_119	2	120	39	Gene5	104	141	0.30625	1	849.844
null2_120	2	121	39	Gene5	104	141	0.499	1	999.996
null2_121	2	122	39	Gene5	104	141	0.0725	1	268.975
null2_122	2	123	39	Gene5	104	141	0.2445	1	738.879
null2_123	2	124	39	Gene5	104	141	0.098	1	353.584
null2_124	2	125	39	Gene5	104	141	0.30525	1	848.29
null2_125	2	126	39	Gene5	104	141	0.33475	1	890.77
null2_126	2	127	39	Gene5	104	141	0.16975	1	563.74
null2_127	2	128	39	Gene5	104	141	0.36725	1	929.51
null2_128	2	129	39	Gene5	104	141	0.42925	1	979.978
null2_129	2	130	39	Gene5	104	141	0.23025	1	708.94
null2_130	2	131	39	Gene5	104	141	0.466	1	995.376
null2_131	2	132	39	Gene5	104	141	0.4075	1	965.775
null2_132	2	133	39	Gene5	104	141	0.40975	1	967.42
null2_133	2	134	39	Gene5	104	141	0.49175	1	999.728
null2_134	2	135	39	Gene5	104	141	0.01725	1	67.8097
null2_135	2	136	39	Gene5	104	141	0.13925	1	479.438
null2_135	2	136	40	Gene6	141	173	0.13925	1	479.438
null2_136	2	137	39	Gene5	104	141	0.06825	1	254.368
null2_136	2	137	40	Gene6	141	173	0.06825	1	254.368
null2_137	2	138	39	Gene5	104	141	0.3615	1	923.271
null2_137	2	138	40	Gene6	141	173	0.3615	1	923.271
null2_138	2	139	39	Gene5	104	141	0.051	1	193.596
null2_138	2	139	40	Gene6	141	173	0.051	1	193.596
null2_139	2	140	39	Gene5	104	141	0.2365	1	722.271
null2_139	2	140	40	Gene6	141	173	0.2365	1	722.271
null2_140	2	141	39	Gene5	104	141	0.4095	1	967.239
null2_140	2	141	40	Gene6	141	173	0.4095	1	967.239
null2_141	2	142	39	Gene5	104	141	0.35575	1	916.768
null2_141	2	142	40	Gene6	141	173	0.35575	1	916.768
null2_142	2	143	39	Gene5	104	141	0.088	1	321.024
null2_142	2	143	40	Gene6	141	173	0.088	1	321.024
null2_143	2	144	39	Gene5	104	141	0.03925	1	150.838
null2_143	2	144	40	Gene6	141	173	0.03925	1	150.838
null2_144	2	145	39	Gene5	104	141	0.06675	1	249.178
null2_144	2	145	40	Gene6	141	173	0.06675	1	249.178
null2_145	2	146	39	Gene5	104	141	0.456	1	992.256
null2_145	2	146	40	Gene6	141	173	0.456	1	992.256
null2_146	2	147	40	Gene6	141	173	0.39625	1	956.944
null2_147	2	148	40	Gene6	141	173	0.01975	1	77.4397
null2_148	2	149	40	Gene6	141	173	0.0115	1	45.471
null2_149	2	150	40	Gene6	141	173	0.03375	1	130.444
null2_150	2	151	40	Gene6	141	173	0.0315	1	122.031
null2_151	2	152	40	Gene6	141	173	0.48275	1	998.81
null2_152	2	153	40	Gene6	141	173	0.20025	1	640.6
null2_153	2	154	40	Gene6	141	173	0.051	1	193.596
null2_154	2	155	40	Gene6	141	173	0.492	1	999.744
null2_155	2	156	40	Gene6	141	173	0.43775	1	984.5
null2_156	2	157	40	Gene6	141	173	0.2545	1	758.919
null2_157	2	158	40	Gene6	141	173	0.39425	1	955.268
null2_158	2	159	40	Gene6	141	173	0.01525	1	60.0697
null2_159	2	160	40	Gene6	141	173	0.29125	1	825.694
null2_160	2	161	40	Gene6	141	173	0.25475	1	759.41
null2_161	2	162	40	Gene6	141	173	0.09225	1	334.96
null2_162	2	163	40	Gene6	141	173	0.377	1	939.484
null2_163	2	164	40	Gene6	141	173	0.3715	1	933.951
null2_164	2	165	40	Gene6	141	173	0.2115	1	667.071
null2_165	2	166	40	Gene6	141	173	0.45925	1	993.358
null2_166	2	167	40	Gene6	141	173	0.1405	1	483.039
null2_167	2	168	40	Gene6	141	173	0.27725	1	801.53
null2_168	2	169	40	Gene6	141	173	0.0105	1	41.559
null2_169	2	170	40	Gene6	141	173	0.08475	1	310.27
null2_170	2	171	40	Gene6	141	173	0.4395	1	985.359
null2_171	2	172	40	Gene6	141	173	0.46	1	993.6
null2_172	2	173	40	Gene6	141	173	0.386	1	948.016
null2_173	2	174	40	Gene6	141	173	0.158	1	532.144
null2_174	2	175	40	Gene6	141	173	0.17825	1	585.908
