SNP.id	SNP.chr	SNP.bp	Gene.id	Gene.name	Gene.start	Gene.end	SNP.maf	SNP.qual	SNP.ESampleSize
null1_0	1	1	1	gene1	0	36	0.03325	1	128.578
null1_1	1	2	1	gene1	0	36	0.3862	1	948.198
null1_2	1	3	1	gene1	0	36	0.2015	1	643.591
null1_3	1	4	1	gene1	0	36	0.365	1	927.1
null1_4	1	5	1	gene1	0	36	0.4402	1	985.696
null1_5	1	6	1	gene1	0	36	0.1727	1	571.499
null1_6	1	7	1	gene1	0	36	0.2788	1	804.282
null1_7	1	8	1	gene1	0	36	0.1465	1	500.151
null1_8	1	9	1	gene1	0	36	0.4617	1	994.132
null1_9	1	10	1	gene1	0	36	0.3688	1	931.146
null1_10	1	11	1	gene1	0	36	0.357	1	918.204
null1_11	1	12	1	gene1	0	36	0.0095	1	37.639
null1_12	1	13	1	gene1	0	36	0.04025	1	154.52
null1_13	1	14	1	gene1	0	36	0.1448	1	495.332
null1_14	1	15	1	gene1	0	36	0.378	1	940.464
null1_15	1	16	1	gene1	0	36	0.1502	1	510.56
null1_16	1	17	1	gene1	0	36	0.0235	1	91.791
null1_17	1	18	1	gene1	0	36	0.131	1	455.356
null1_18	1	19	1	gene1	0	36	0.198	1	635.184
null1_19	1	20	1	gene1	0	36	0.4783	1	998.116
null1_20	1	21	1	gene1	0	36	0.3632	1	925.143
null1_21	1	22	1	gene1	0	36	0.1643	1	549.222
null1_22	1	23	1	gene1	0	36	0.1548	1	523.348
null1_23	1	24	1	gene1	0	36	0.2123	1	668.915
null1_24	1	25	1	gene1	0	36	0.3613	1	923.049
null1_25	1	26	1	gene1	0	36	0.2313	1	711.201
null1_26	1	27	1	gene1	0	36	0.3998	1	959.84
null1_27	1	28	1	gene1	0	36	0.493	1	999.804
null1_28	1	29	1	gene1	0	36	0.1415	1	485.911
null1_29	1	30	1	gene1	0	36	0.3215	1	872.551
null1_30	1	31	1	gene1	0	36	0.1192	1	419.965
null1_30	1	31	2	gene2	36	49	0.1192	1	419.965
null1_31	1	32	1	gene1	0	36	0.3565	1	917.631
null1_31	1	32	2	gene2	36	49	0.3565	1	917.631
null1_32	1	33	1	gene1	0	36	0.0015	1	5.991
null1_32	1	33	2	gene2	36	49	0.0015	1	5.991
null1_33	1	34	1	gene1	0	36	0.071	1	263.836
null1_33	1	34	2	gene2	36	49	0.071	1	263.836
null1_34	1	35	1	gene1	0	36	0.116	1	410.176
null1_34	1	35	2	gene2	36	49	0.116	1	410.176
null1_35	1	36	1	gene1	0	36	0.4875	1	999.375
null1_35	1	36	2	gene2	36	49	0.4875	1	999.375
null1_36	1	37	1	gene1	0	36	0.0945	1	342.279
null1_36	1	37	2	gene2	36	49	0.0945	1	342.279
null1_37	1	38	1	gene1	0	36	0.4278	1	979.149
null1_37	1	38	2	gene2	36	49	0.4278	1	979.149
null1_38	1	39	1	gene1	0	36	0.1278	1	445.869
null1_38	1	39	2	gene2	36	49	0.1278	1	445.869
null1_39	1	40	1	gene1	0	36	0.3505	1	910.599
null1_39	1	40	2	gene2	36	49	0.3505	1	910.599
null1_40	1	41	1	gene1	0	36	0.1933	1	623.74
null1_40	1	41	2	gene2	36	49	0.1933	1	623.74
null1_41	1	42	2	gene2	36	49	0.4617	1	994.132
null1_42	1	43	2	gene2	36	49	0.3715	1	933.951
null1_43	1	44	2	gene2	36	49	0.4123	1	969.235
null1_43	1	44	3	gene3	49	75	0.4123	1	969.235
null1_44	1	45	2	gene2	36	49	0.05225	1	198.08
null1_44	1	45	3	gene3	49	75	0.05225	1	198.08
null1_45	1	46	2	gene2	36	49	0.498	1	999.984
null1_45	1	46	3	gene3	49	75	0.498	1	999.984
null1_46	1	47	2	gene2	36	49	0.2875	1	819.375
null1_46	1	47	3	gene3	49	75	0.2875	1	819.375
null1_47	1	48	2	gene2	36	49	0.4958	1	999.929
null1_47	1	48	3	gene3	49	75	0.4958	1	999.929
null1_48	1	49	2	gene2	36	49	0.4885	1	999.471
null1_48	1	49	3	gene3	49	75	0.4885	1	999.471
null1_49	1	50	2	gene2	36	49	0.3857	1	947.742
null1_49	1	50	3	gene3	49	75	0.3857	1	947.742
null1_51	1	52	2	gene2	36	49	0.322	1	873.264
null1_51	1	52	3	gene3	49	75	0.322	1	873.264
null1_52	1	53	2	gene2	36	49	0.3802	1	942.592
null1_52	1	53	3	gene3	49	75	0.3802	1	942.592
null1_53	1	54	2	gene2	36	49	0.02175	1	85.1077
null1_53	1	54	3	gene3	49	75	0.02175	1	85.1077
null1_54	1	55	3	gene3	49	75	0.1135	1	402.471
null1_55	1	56	3	gene3	49	75	0.418	1	973.104
null1_56	1	57	3	gene3	49	75	0.1425	1	488.775
null1_58	1	59	3	gene3	49	75	0.3802	1	942.592
null1_59	1	60	3	gene3	49	75	0.2422	1	734.157
null1_60	1	61	3	gene3	49	75	0.2657	1	780.414
null1_61	1	62	3	gene3	49	75	0.3882	1	950.003
null1_62	1	63	3	gene3	49	75	0.3937	1	954.801
null1_63	1	64	3	gene3	49	75	0.4667	1	995.564
null1_64	1	65	3	gene3	49	75	0.0555	1	209.679
null1_65	1	66	3	gene3	49	75	0.4045	1	963.519
null1_66	1	67	3	gene3	49	75	0.0785	1	289.351
null1_67	1	68	3	gene3	49	75	0.3533	1	913.916
null1_68	1	69	3	gene3	49	75	0.2248	1	697.06
null1_69	1	70	3	gene3	49	75	0.3742	1	936.697
null1_69	1	70	4	gene4	75	104	0.3742	1	936.697
null1_70	1	71	3	gene3	49	75	0.339	1	896.316
null1_70	1	71	4	gene4	75	104	0.339	1	896.316
null1_71	1	72	3	gene3	49	75	0.1192	1	419.965
null1_71	1	72	4	gene4	75	104	0.1192	1	419.965
null1_72	1	73	3	gene3	49	75	0.2452	1	740.308
null1_72	1	73	4	gene4	75	104	0.2452	1	740.308
null1_73	1	74	3	gene3	49	75	0.02775	1	107.92
null1_73	1	74	4	gene4	75	104	0.02775	1	107.92
null1_74	1	75	3	gene3	49	75	0.1085	1	386.911
null1_74	1	75	4	gene4	75	104	0.1085	1	386.911
null1_75	1	76	3	gene3	49	75	0.152	1	515.584
null1_75	1	76	4	gene4	75	104	0.152	1	515.584
null1_76	1	77	3	gene3	49	75	0.2577	1	765.163
null1_76	1	77	4	gene4	75	104	0.2577	1	765.163
null1_77	1	78	3	gene3	49	75	0.1552	1	524.452
null1_77	1	78	4	gene4	75	104	0.1552	1	524.452
null1_78	1	79	3	gene3	49	75	0.2617	1	772.852
null1_78	1	79	4	gene4	75	104	0.2617	1	772.852
null1_79	1	80	3	gene3	49	75	0.0315	1	122.031
null1_79	1	80	4	gene4	75	104	0.0315	1	122.031
null1_80	1	81	4	gene4	75	104	0.4427	1	986.867
null1_81	1	82	4	gene4	75	104	0.0415	1	159.111
null1_82	1	83	4	gene4	75	104	0.4287	1	979.665
null1_83	1	84	4	gene4	75	104	0.4913	1	999.697
null1_84	1	85	4	gene4	75	104	0.0185	1	72.631
null1_85	1	86	4	gene4	75	104	0.1747	1	576.72
null1_86	1	87	4	gene4	75	104	0.431	1	980.956
null1_87	1	88	4	gene4	75	104	0.4798	1	998.368
null1_88	1	89	4	gene4	75	104	0.4432	1	987.095
null1_89	1	90	4	gene4	75	104	0.323	1	874.684
null1_90	1	91	4	gene4	75	104	0.3802	1	942.592
null1_91	1	92	4	gene4	75	104	0.3598	1	921.376
null1_92	1	93	4	gene4	75	104	0.1418	1	486.771
null1_93	1	94	4	gene4	75	104	0.2847	1	814.584
null1_94	1	95	4	gene4	75	104	0.3325	1	887.775
null1_95	1	96	4	gene4	75	104	0.09825	1	354.388
null1_96	1	97	4	gene4	75	104	0.4175	1	972.775
null1_97	1	98	4	gene4	75	104	0.381	1	943.356
null1_98	1	99	4	gene4	75	104	0.395	1	955.9
null1_98	1	99	5	gene5	104	141	0.395	1	955.9
null1_99	1	100	4	gene4	75	104	0.254	1	757.936
null1_99	1	100	5	gene5	104	141	0.254	1	757.936
null1_100	1	101	4	gene4	75	104	0.295	1	831.9
null1_100	1	101	5	gene5	104	141	0.295	1	831.9
null1_101	1	102	4	gene4	75	104	0.01675	1	65.8777
null1_101	1	102	5	gene5	104	141	0.01675	1	65.8777
null1_102	1	103	4	gene4	75	104	0.1933	1	623.74
null1_102	1	103	5	gene5	104	141	0.1933	1	623.74
null1_103	1	104	4	gene4	75	104	0.415	1	971.1
null1_103	1	104	5	gene5	104	141	0.415	1	971.1
null1_104	1	105	4	gene4	75	104	0.1362	1	470.598
null1_104	1	105	5	gene5	104	141	0.1362	1	470.598
null1_105	1	106	4	gene4	75	104	0.3058	1	849.145
null1_105	1	106	5	gene5	104	141	0.3058	1	849.145
null1_106	1	107	4	gene4	75	104	0.448	1	989.184
null1_106	1	107	5	gene5	104	141	0.448	1	989.184
null1_107	1	108	4	gene4	75	104	0.4983	1	999.988
null1_107	1	108	5	gene5	104	141	0.4983	1	999.988
null1_108	1	109	4	gene4	75	104	0.306	1	849.456
null1_108	1	109	5	gene5	104	141	0.306	1	849.456
null1_109	1	110	5	gene5	104	141	0.04925	1	187.298
null1_110	1	111	5	gene5	104	141	0.4475	1	988.975
null1_111	1	112	5	gene5	104	141	0.3558	1	916.825
null1_112	1	113	5	gene5	104	141	0.01275	1	50.3498
null1_113	1	114	5	gene5	104	141	0.3618	1	923.603
null1_114	1	115	5	gene5	104	141	0.1647	1	550.296
null1_115	1	116	5	gene5	104	141	0.234	1	716.976
null1_116	1	117	5	gene5	104	141	0.4823	1	998.747
null1_117	1	118	5	gene5	104	141	0.05575	1	210.568
null1_118	1	119	5	gene5	104	141	0.376	1	938.496
null1_119	1	120	5	gene5	104	141	0.3063	1	849.921
null1_120	1	121	5	gene5	104	141	0.499	1	999.996
null1_121	1	122	5	gene5	104	141	0.0725	1	268.975
null1_122	1	123	5	gene5	104	141	0.2445	1	738.879
null1_123	1	124	5	gene5	104	141	0.098	1	353.584
null1_124	1	125	5	gene5	104	141	0.3053	1	848.368
null1_125	1	126	5	gene5	104	141	0.3347	1	890.704
null1_126	1	127	5	gene5	104	141	0.1697	1	563.608
null1_127	1	128	5	gene5	104	141	0.3673	1	929.563
null1_128	1	129	5	gene5	104	141	0.4293	1	980.006
null1_129	1	130	5	gene5	104	141	0.2302	1	708.832
null1_130	1	131	5	gene5	104	141	0.466	1	995.376
null1_131	1	132	5	gene5	104	141	0.4075	1	965.775
null1_132	1	133	5	gene5	104	141	0.4098	1	967.456
null1_133	1	134	5	gene5	104	141	0.4918	1	999.731
null1_134	1	135	5	gene5	104	141	0.01725	1	67.8097
null1_135	1	136	5	gene5	104	141	0.1392	1	479.293
null1_135	1	136	6	gene6	141	173	0.1392	1	479.293
null1_136	1	137	5	gene5	104	141	0.06825	1	254.368
null1_136	1	137	6	gene6	141	173	0.06825	1	254.368
null1_137	1	138	5	gene5	104	141	0.3615	1	923.271
null1_137	1	138	6	gene6	141	173	0.3615	1	923.271
null1_138	1	139	5	gene5	104	141	0.051	1	193.596
null1_138	1	139	6	gene6	141	173	0.051	1	193.596
null1_139	1	140	5	gene5	104	141	0.2365	1	722.271
null1_139	1	140	6	gene6	141	173	0.2365	1	722.271
null1_140	1	141	5	gene5	104	141	0.4095	1	967.239
null1_140	1	141	6	gene6	141	173	0.4095	1	967.239
null1_141	1	142	5	gene5	104	141	0.3558	1	916.825
null1_141	1	142	6	gene6	141	173	0.3558	1	916.825
null1_142	1	143	5	gene5	104	141	0.088	1	321.024
null1_142	1	143	6	gene6	141	173	0.088	1	321.024
null1_143	1	144	5	gene5	104	141	0.03925	1	150.838
null1_143	1	144	6	gene6	141	173	0.03925	1	150.838
null1_144	1	145	5	gene5	104	141	0.06675	1	249.178
null1_144	1	145	6	gene6	141	173	0.06675	1	249.178
null1_145	1	146	5	gene5	104	141	0.456	1	992.256
null1_145	1	146	6	gene6	141	173	0.456	1	992.256
null1_146	1	147	6	gene6	141	173	0.3962	1	956.902
null1_147	1	148	6	gene6	141	173	0.01975	1	77.4397
null1_148	1	149	6	gene6	141	173	0.0115	1	45.471
null1_149	1	150	6	gene6	141	173	0.03375	1	130.444
null1_150	1	151	6	gene6	141	173	0.0315	1	122.031
null1_151	1	152	6	gene6	141	173	0.4828	1	998.817
null1_152	1	153	6	gene6	141	173	0.2003	1	640.72
null1_153	1	154	6	gene6	141	173	0.051	1	193.596
null1_154	1	155	6	gene6	141	173	0.492	1	999.744
null1_155	1	156	6	gene6	141	173	0.4377	1	984.475
null1_156	1	157	6	gene6	141	173	0.2545	1	758.919
null1_157	1	158	6	gene6	141	173	0.3942	1	955.225
null1_158	1	159	6	gene6	141	173	0.01525	1	60.0697
null1_159	1	160	6	gene6	141	173	0.2913	1	825.777
null1_160	1	161	6	gene6	141	173	0.2547	1	759.312
null1_161	1	162	6	gene6	141	173	0.09225	1	334.96
null1_162	1	163	6	gene6	141	173	0.377	1	939.484
null1_163	1	164	6	gene6	141	173	0.3715	1	933.951
null1_164	1	165	6	gene6	141	173	0.2115	1	667.071
null1_165	1	166	6	gene6	141	173	0.4592	1	993.341
null1_166	1	167	6	gene6	141	173	0.1405	1	483.039
null1_167	1	168	6	gene6	141	173	0.2772	1	801.441
null1_167	1	168	7	gene7	173	208	0.2772	1	801.441
null1_168	1	169	6	gene6	141	173	0.0105	1	41.559
null1_168	1	169	7	gene7	173	208	0.0105	1	41.559
null1_169	1	170	6	gene6	141	173	0.08475	1	310.27
null1_169	1	170	7	gene7	173	208	0.08475	1	310.27
null1_170	1	171	6	gene6	141	173	0.4395	1	985.359
null1_170	1	171	7	gene7	173	208	0.4395	1	985.359
null1_171	1	172	6	gene6	141	173	0.46	1	993.6
null1_171	1	172	7	gene7	173	208	0.46	1	993.6
null1_172	1	173	6	gene6	141	173	0.386	1	948.016
null1_172	1	173	7	gene7	173	208	0.386	1	948.016
null1_173	1	174	6	gene6	141	173	0.158	1	532.144
null1_173	1	174	7	gene7	173	208	0.158	1	532.144
null1_174	1	175	6	gene6	141	173	0.1783	1	586.036
null1_174	1	175	7	gene7	173	208	0.1783	1	586.036
null1_175	1	176	6	gene6	141	173	0.3028	1	844.449
null1_175	1	176	7	gene7	173	208	0.3028	1	844.449
null1_176	1	177	6	gene6	141	173	0.1012	1	363.834
null1_176	1	177	7	gene7	173	208	0.1012	1	363.834
null1_177	1	178	6	gene6	141	173	0.2208	1	688.189
null1_177	1	178	7	gene7	173	208	0.2208	1	688.189
null1_178	1	179	7	gene7	173	208	0.05225	1	198.08
null1_179	1	180	7	gene7	173	208	0.2333	1	715.484
null1_180	1	181	7	gene7	173	208	0.4175	1	972.775
null1_181	1	182	7	gene7	173	208	0.129	1	449.436
null1_182	1	183	7	gene7	173	208	0.3525	1	912.975
null1_183	1	184	7	gene7	173	208	0.214	1	672.816
null1_184	1	185	7	gene7	173	208	0.2702	1	788.768
null1_185	1	186	7	gene7	173	208	0.3287	1	882.625
null1_186	1	187	7	gene7	173	208	0.2518	1	753.587
null1_187	1	188	7	gene7	173	208	0.4445	1	987.679
null1_188	1	189	7	gene7	173	208	0.2045	1	650.719
null1_189	1	190	7	gene7	173	208	0.188	1	610.624
null1_190	1	191	7	gene7	173	208	0.0865	1	316.071
null1_191	1	192	7	gene7	173	208	0.318	1	867.504
null1_192	1	193	7	gene7	173	208	0.03875	1	148.994
null1_193	1	194	7	gene7	173	208	0.3583	1	919.684
null1_194	1	195	7	gene7	173	208	0.4355	1	983.359
null1_195	1	196	7	gene7	173	208	0.04825	1	183.688
null1_196	1	197	7	gene7	173	208	0.00175	1	6.98775
null1_197	1	198	7	gene7	173	208	0.443	1	987.004
null1_198	1	199	7	gene7	173	208	0.1973	1	633.491
null1_199	1	200	7	gene7	173	208	0.4675	1	995.775
null1_200	1	201	7	gene7	173	208	0.329	1	883.036
null1_201	1	202	7	gene7	173	208	0.2702	1	788.768
null1_202	1	203	7	gene7	173	208	0.00025	1	0.99975
null1_202	1	203	8	gene8	208	242	0.00025	1	0.99975
null1_203	1	204	7	gene7	173	208	0.1495	1	508.599
null1_203	1	204	8	gene8	208	242	0.1495	1	508.599
null1_204	1	205	7	gene7	173	208	0.253	1	755.964
null1_204	1	205	8	gene8	208	242	0.253	1	755.964
null1_205	1	206	7	gene7	173	208	0.2077	1	658.243
null1_205	1	206	8	gene8	208	242	0.2077	1	658.243
null1_206	1	207	7	gene7	173	208	0.2165	1	678.511
null1_206	1	207	8	gene8	208	242	0.2165	1	678.511
null1_207	1	208	7	gene7	173	208	0.169	1	561.756
null1_207	1	208	8	gene8	208	242	0.169	1	561.756
null1_208	1	209	7	gene7	173	208	0.1295	1	450.919
null1_208	1	209	8	gene8	208	242	0.1295	1	450.919
null1_209	1	210	7	gene7	173	208	0.1735	1	573.591
null1_209	1	210	8	gene8	208	242	0.1735	1	573.591
null1_210	1	211	7	gene7	173	208	0.0315	1	122.031
null1_210	1	211	8	gene8	208	242	0.0315	1	122.031
null1_211	1	212	7	gene7	173	208	0.2705	1	789.319
null1_211	1	212	8	gene8	208	242	0.2705	1	789.319
null1_212	1	213	7	gene7	173	208	0.4485	1	989.391
null1_212	1	213	8	gene8	208	242	0.4485	1	989.391
null1_213	1	214	8	gene8	208	242	0.248	1	745.984
null1_214	1	215	8	gene8	208	242	0.4755	1	997.599
null1_215	1	216	8	gene8	208	242	0.2225	1	691.975
null1_216	1	217	8	gene8	208	242	0.4813	1	998.601
null1_217	1	218	8	gene8	208	242	0.059	1	222.076
null1_218	1	219	8	gene8	208	242	0.4718	1	996.819
null1_219	1	220	8	gene8	208	242	0.4107	1	968.102
null1_220	1	221	8	gene8	208	242	0.3423	1	900.523
null1_221	1	222	8	gene8	208	242	0.018	1	70.704
null1_222	1	223	8	gene8	208	242	0.2718	1	791.699
null1_223	1	224	8	gene8	208	242	0.2293	1	706.886
null1_224	1	225	8	gene8	208	242	0.364	1	926.016
null1_225	1	226	8	gene8	208	242	0.2298	1	707.968
null1_226	1	227	8	gene8	208	242	0.4925	1	999.775
null1_227	1	228	8	gene8	208	242	0.397	1	957.564
null1_229	1	230	8	gene8	208	242	0.3203	1	870.832
null1_230	1	231	8	gene8	208	242	0.1448	1	495.332
null1_231	1	232	8	gene8	208	242	0.142	1	487.344
null1_232	1	233	8	gene8	208	242	0.3925	1	953.775
null1_233	1	234	8	gene8	208	242	0.3478	1	907.341
null1_234	1	235	8	gene8	208	242	0.1853	1	603.856
null1_235	1	236	8	gene8	208	242	0.2482	1	746.387
null1_236	1	237	8	gene8	208	242	0.02325	1	90.8377
null1_236	1	237	9	gene9	242	273	0.02325	1	90.8377
null1_237	1	238	8	gene8	208	242	0.1175	1	414.775
null1_237	1	238	9	gene9	242	273	0.1175	1	414.775
null1_238	1	239	8	gene8	208	242	0.1797	1	589.632
null1_238	1	239	9	gene9	242	273	0.1797	1	589.632
null1_239	1	240	8	gene8	208	242	0.4083	1	966.364
null1_239	1	240	9	gene9	242	273	0.4083	1	966.364
null1_240	1	241	8	gene8	208	242	0.2137	1	672.129
null1_240	1	241	9	gene9	242	273	0.2137	1	672.129
null1_241	1	242	8	gene8	208	242	0.335	1	891.1
null1_241	1	242	9	gene9	242	273	0.335	1	891.1
null1_242	1	243	8	gene8	208	242	0.03575	1	137.888
null1_242	1	243	9	gene9	242	273	0.03575	1	137.888
null1_243	1	244	8	gene8	208	242	0.2073	1	657.307
null1_243	1	244	9	gene9	242	273	0.2073	1	657.307
null1_244	1	245	8	gene8	208	242	0.273	1	793.884
null1_244	1	245	9	gene9	242	273	0.273	1	793.884
null1_245	1	246	8	gene8	208	242	0.383	1	945.244
null1_245	1	246	9	gene9	242	273	0.383	1	945.244
null1_246	1	247	8	gene8	208	242	0.1795	1	589.119
null1_246	1	247	9	gene9	242	273	0.1795	1	589.119
null1_247	1	248	9	gene9	242	273	0.05975	1	224.72
null1_248	1	249	9	gene9	242	273	0.1607	1	539.502
null1_249	1	250	9	gene9	242	273	0.4175	1	972.775
null1_250	1	251	9	gene9	242	273	0.437	1	984.124
null1_251	1	252	9	gene9	242	273	0.08125	1	298.594
null1_252	1	253	9	gene9	242	273	0.2983	1	837.268
null1_253	1	254	9	gene9	242	273	0.09525	1	344.71
null1_254	1	255	9	gene9	242	273	0.1158	1	409.561
null1_255	1	256	9	gene9	242	273	0.4237	1	976.713
null1_256	1	257	9	gene9	242	273	0.3792	1	941.629
null1_257	1	258	9	gene9	242	273	0.0545	1	206.119
null1_258	1	259	9	gene9	242	273	0.1605	1	538.959
null1_259	1	260	9	gene9	242	273	0.361	1	922.716
null1_260	1	261	9	gene9	242	273	0.3383	1	895.412
null1_261	1	262	9	gene9	242	273	0.2808	1	807.805
null1_262	1	263	9	gene9	242	273	0.4445	1	987.679
null1_263	1	264	9	gene9	242	273	0.0995	1	358.399
null1_264	1	265	9	gene9	242	273	0.1255	1	438.999
null1_265	1	266	9	gene9	242	273	0.3688	1	931.146
null1_266	1	267	9	gene9	242	273	0.406	1	964.656
null1_267	1	268	9	gene9	242	273	0.0705	1	262.119
null1_267	1	268	10	gene10	273	313	0.0705	1	262.119
null1_268	1	269	9	gene9	242	273	0.354	1	914.736
null1_268	1	269	10	gene10	273	313	0.354	1	914.736
null1_269	1	270	9	gene9	242	273	0.01625	1	63.9438
null1_269	1	270	10	gene10	273	313	0.01625	1	63.9438
null1_270	1	271	9	gene9	242	273	0.1335	1	462.711
null1_270	1	271	10	gene10	273	313	0.1335	1	462.711
null1_271	1	272	9	gene9	242	273	0.17	1	564.4
null1_271	1	272	10	gene10	273	313	0.17	1	564.4
null1_272	1	273	9	gene9	242	273	0.3855	1	947.559
null1_272	1	273	10	gene10	273	313	0.3855	1	947.559
null1_273	1	274	9	gene9	242	273	0.2685	1	785.631
null1_273	1	274	10	gene10	273	313	0.2685	1	785.631
null1_274	1	275	9	gene9	242	273	0.0895	1	325.959
null1_274	1	275	10	gene10	273	313	0.0895	1	325.959
null1_275	1	276	9	gene9	242	273	0.275	1	797.5
null1_275	1	276	10	gene10	273	313	0.275	1	797.5
null1_276	1	277	9	gene9	242	273	0.2342	1	717.401
null1_276	1	277	10	gene10	273	313	0.2342	1	717.401
null1_277	1	278	9	gene9	242	273	0.163	1	545.724
null1_277	1	278	10	gene10	273	313	0.163	1	545.724
null1_278	1	279	10	gene10	273	313	0.2212	1	689.082
null1_279	1	280	10	gene10	273	313	0.2238	1	694.854
null1_280	1	281	10	gene10	273	313	0.0945	1	342.279
null1_281	1	282	10	gene10	273	313	0.03375	1	130.444
null1_282	1	283	10	gene10	273	313	0.4275	1	978.975
null1_283	1	284	10	gene10	273	313	0.0735	1	272.391
null1_284	1	285	10	gene10	273	313	0.4135	1	970.071
null1_285	1	286	10	gene10	273	313	0.4283	1	979.436
null1_286	1	287	10	gene10	273	313	0.066	1	246.576
null1_287	1	288	10	gene10	273	313	0.205	1	651.9
null1_288	1	289	10	gene10	273	313	0.025	1	97.5
null1_289	1	290	10	gene10	273	313	0.0735	1	272.391
null1_290	1	291	10	gene10	273	313	0.039	1	149.916
null1_291	1	292	10	gene10	273	313	0.1637	1	547.609
null1_292	1	293	10	gene10	273	313	0.0845	1	309.439
null1_293	1	294	10	gene10	273	313	0.4233	1	976.468
null1_294	1	295	10	gene10	273	313	0.4567	1	992.5
null1_295	1	296	10	gene10	273	313	0.3795	1	941.919
null1_296	1	297	10	gene10	273	313	0.2135	1	671.671
null1_297	1	298	10	gene10	273	313	0.1175	1	414.775
null1_298	1	299	10	gene10	273	313	0.4273	1	978.859
null1_299	1	300	10	gene10	273	313	0.3453	1	904.272
null1_300	1	301	10	gene10	273	313	0.3512	1	911.434
null1_301	1	302	10	gene10	273	313	0.025	1	97.5
null1_302	1	303	10	gene10	273	313	0.1615	1	541.671
null1_303	1	304	10	gene10	273	313	0.2345	1	718.039
null1_304	1	305	10	gene10	273	313	0.4128	1	969.585
null1_305	1	306	10	gene10	273	313	0.1785	1	586.551
null1_306	1	307	10	gene10	273	313	0.2155	1	676.239
null1_307	1	308	10	gene10	273	313	0.407	1	965.404
null1_307	1	308	11	gene11	313	346	0.407	1	965.404
null1_308	1	309	10	gene10	273	313	0.3572	1	918.433
null1_308	1	309	11	gene11	313	346	0.3572	1	918.433
null1_309	1	310	10	gene10	273	313	0.267	1	782.844
null1_309	1	310	11	gene11	313	346	0.267	1	782.844
null1_310	1	311	10	gene10	273	313	0.1372	1	473.505
null1_310	1	311	11	gene11	313	346	0.1372	1	473.505
null1_311	1	312	10	gene10	273	313	0.295	1	831.9
null1_311	1	312	11	gene11	313	346	0.295	1	831.9
null1_313	1	314	10	gene10	273	313	0.4908	1	999.661
null1_313	1	314	11	gene11	313	346	0.4908	1	999.661
null1_314	1	315	10	gene10	273	313	0.2482	1	746.387
null1_314	1	315	11	gene11	313	346	0.2482	1	746.387
null1_315	1	316	10	gene10	273	313	0.394	1	955.056
null1_315	1	316	11	gene11	313	346	0.394	1	955.056
null1_316	1	317	10	gene10	273	313	0.3955	1	956.319
null1_316	1	317	11	gene11	313	346	0.3955	1	956.319
null1_317	1	318	10	gene10	273	313	0.1512	1	513.354
null1_317	1	318	11	gene11	313	346	0.1512	1	513.354
null1_318	1	319	11	gene11	313	346	0.2692	1	786.925
null1_319	1	320	11	gene11	313	346	0.3768	1	939.287
null1_320	1	321	11	gene11	313	346	0.2742	1	796.057
null1_321	1	322	11	gene11	313	346	0.4585	1	993.111
null1_322	1	323	11	gene11	313	346	0.446	1	988.336
null1_323	1	324	11	gene11	313	346	0.4545	1	991.719
null1_324	1	325	11	gene11	313	346	0.06975	1	259.54
null1_325	1	326	11	gene11	313	346	0.2957	1	833.046
null1_326	1	327	11	gene11	313	346	0.2588	1	767.29
null1_327	1	328	11	gene11	313	346	0.3872	1	949.105
null1_328	1	329	11	gene11	313	346	0.1198	1	421.792
null1_329	1	330	11	gene11	313	346	0.268	1	784.704
dis1_0	1	331	11	gene11	313	346	0.06975	1	259.54
dis1_1	1	332	11	gene11	313	346	0.04475	1	170.99
dis1_2	1	333	11	gene11	313	346	0.0045	1	17.919
dis1_3	1	334	11	gene11	313	346	0.3912	1	952.65
dis1_4	1	335	11	gene11	313	346	0.0845	1	309.439
null2_0	1	336	11	gene11	313	346	0.1102	1	392.224
null2_1	1	337	11	gene11	313	346	0.4858	1	999.193
null2_2	1	338	11	gene11	313	346	0.1498	1	509.44
null2_3	1	339	11	gene11	313	346	0.4705	1	996.519
null2_4	1	340	11	gene11	313	346	0.3897	1	951.336
null2_5	1	341	11	gene11	313	346	0.1843	1	601.334
null2_5	1	341	12	gene12	346	363	0.1843	1	601.334
null2_6	1	342	11	gene11	313	346	0.499	1	999.996
null2_6	1	342	12	gene12	346	363	0.499	1	999.996
null2_7	1	343	11	gene11	313	346	0.135	1	467.1
null2_7	1	343	12	gene12	346	363	0.135	1	467.1
null2_8	1	344	11	gene11	313	346	0.02825	1	109.808
null2_8	1	344	12	gene12	346	363	0.02825	1	109.808
null2_9	1	345	11	gene11	313	346	0.347	1	906.364
null2_9	1	345	12	gene12	346	363	0.347	1	906.364
null2_10	1	346	11	gene11	313	346	0.1155	1	408.639
null2_10	1	346	12	gene12	346	363	0.1155	1	408.639
null2_11	1	347	11	gene11	313	346	0.126	1	440.496
null2_11	1	347	12	gene12	346	363	0.126	1	440.496
null2_12	1	348	11	gene11	313	346	0.4197	1	974.208
null2_12	1	348	12	gene12	346	363	0.4197	1	974.208
null2_13	1	349	11	gene11	313	346	0.4597	1	993.504
null2_13	1	349	12	gene12	346	363	0.4597	1	993.504
null2_14	1	350	11	gene11	313	346	0.4738	1	997.254
null2_14	1	350	12	gene12	346	363	0.4738	1	997.254
null2_15	1	351	11	gene11	313	346	0.2412	1	732.09
null2_15	1	351	12	gene12	346	363	0.2412	1	732.09
null2_16	1	352	12	gene12	346	363	0.2412	1	732.09
null2_17	1	353	12	gene12	346	363	0.0975	1	351.975
null2_18	1	354	12	gene12	346	363	0.1813	1	593.721
null2_19	1	355	12	gene12	346	363	0.2075	1	657.775
null2_20	1	356	12	gene12	346	363	0.0305	1	118.279
null2_21	1	357	12	gene12	346	363	0.1615	1	541.671
null2_22	1	358	12	gene12	346	363	0.275	1	797.5
null2_22	1	358	13	gene13	363	393	0.275	1	797.5
null2_23	1	359	12	gene12	346	363	0.161	1	540.316
null2_23	1	359	13	gene13	363	393	0.161	1	540.316
null2_24	1	360	12	gene12	346	363	0.465	1	995.1
null2_24	1	360	13	gene13	363	393	0.465	1	995.1
null2_25	1	361	12	gene12	346	363	0.4617	1	994.132
null2_25	1	361	13	gene13	363	393	0.4617	1	994.132
null2_26	1	362	12	gene12	346	363	0.4923	1	999.763
null2_26	1	362	13	gene13	363	393	0.4923	1	999.763
null2_27	1	363	12	gene12	346	363	0.1448	1	495.332
null2_27	1	363	13	gene13	363	393	0.1448	1	495.332
null2_28	1	364	12	gene12	346	363	0.05525	1	208.79
null2_28	1	364	13	gene13	363	393	0.05525	1	208.79
null2_29	1	365	12	gene12	346	363	0.2455	1	740.919
null2_29	1	365	13	gene13	363	393	0.2455	1	740.919
null2_30	1	366	12	gene12	346	363	0.09275	1	336.59
null2_30	1	366	13	gene13	363	393	0.09275	1	336.59
null2_31	1	367	12	gene12	346	363	0.0465	1	177.351
null2_31	1	367	13	gene13	363	393	0.0465	1	177.351
null2_32	1	368	12	gene12	346	363	0.0285	1	110.751
null2_32	1	368	13	gene13	363	393	0.0285	1	110.751
null2_33	1	369	13	gene13	363	393	0.2893	1	822.422
null2_34	1	370	13	gene13	363	393	0.3735	1	935.991
null2_35	1	371	13	gene13	363	393	0.3982	1	958.547
null2_36	1	372	13	gene13	363	393	0.4025	1	961.975
null2_37	1	373	13	gene13	363	393	0.486	1	999.216
null2_38	1	374	13	gene13	363	393	0.4255	1	977.799
null2_39	1	375	13	gene13	363	393	0.1095	1	390.039
null2_40	1	376	13	gene13	363	393	0.1332	1	461.831
null2_41	1	377	13	gene13	363	393	0.05	1	190
null2_42	1	378	13	gene13	363	393	0.2232	1	693.527
null2_43	1	379	13	gene13	363	393	0.4068	1	965.255
null2_44	1	380	13	gene13	363	393	0.22	1	686.4
null2_45	1	381	13	gene13	363	393	0.4073	1	965.627
null2_46	1	382	13	gene13	363	393	0.369	1	931.356
null2_47	1	383	13	gene13	363	393	0.47	1	996.4
null2_48	1	384	13	gene13	363	393	0.3035	1	845.551
null2_49	1	385	13	gene13	363	393	0.00075	1	2.99775
null2_50	1	386	13	gene13	363	393	0.04425	1	169.168
null2_51	1	387	13	gene13	363	393	0.04725	1	180.07
null2_52	1	388	13	gene13	363	393	0.3922	1	953.517
null2_52	1	388	14	gene14	393	417	0.3922	1	953.517
null2_53	1	389	13	gene13	363	393	0.3147	1	862.656
null2_53	1	389	14	gene14	393	417	0.3147	1	862.656
null2_54	1	390	13	gene13	363	393	0.4938	1	999.846
null2_54	1	390	14	gene14	393	417	0.4938	1	999.846
null2_55	1	391	13	gene13	363	393	0.2722	1	792.429
null2_55	1	391	14	gene14	393	417	0.2722	1	792.429
null2_56	1	392	13	gene13	363	393	0.468	1	995.904
null2_56	1	392	14	gene14	393	417	0.468	1	995.904
null2_57	1	393	13	gene13	363	393	0.379	1	941.436
null2_57	1	393	14	gene14	393	417	0.379	1	941.436
null2_58	1	394	13	gene13	363	393	0.2492	1	748.397
null2_58	1	394	14	gene14	393	417	0.2492	1	748.397
null2_59	1	395	13	gene13	363	393	0.3108	1	856.813
null2_59	1	395	14	gene14	393	417	0.3108	1	856.813
null2_60	1	396	13	gene13	363	393	0.3645	1	926.559
null2_60	1	396	14	gene14	393	417	0.3645	1	926.559
null2_61	1	397	13	gene13	363	393	0.3327	1	888.043
null2_61	1	397	14	gene14	393	417	0.3327	1	888.043
null2_62	1	398	13	gene13	363	393	0.4782	1	998.099
null2_62	1	398	14	gene14	393	417	0.4782	1	998.099
null2_63	1	399	14	gene14	393	417	0.2073	1	657.307
null2_64	1	400	14	gene14	393	417	0.415	1	971.1
null2_65	1	401	14	gene14	393	417	0.1438	1	492.486
null2_66	1	402	14	gene14	393	417	0.1713	1	567.825
null2_67	1	403	14	gene14	393	417	0.00575	1	22.8678
null2_68	1	404	14	gene14	393	417	0.3175	1	866.775
null2_69	1	405	14	gene14	393	417	0.3202	1	870.688
null2_70	1	406	14	gene14	393	417	0.437	1	984.124
null2_71	1	407	14	gene14	393	417	0.08875	1	323.494
null2_72	1	408	14	gene14	393	417	0.2273	1	702.539
null2_73	1	409	14	gene14	393	417	0.1683	1	559.9
null2_74	1	410	14	gene14	393	417	0.431	1	980.956
null2_75	1	411	14	gene14	393	417	0.2925	1	827.775
null2_76	1	412	14	gene14	393	417	0.0455	1	173.719
null2_76	1	412	15	gene15	417	455	0.0455	1	173.719
null2_77	1	413	14	gene14	393	417	0.002	1	7.984
null2_77	1	413	15	gene15	417	455	0.002	1	7.984
null2_78	1	414	14	gene14	393	417	0.471	1	996.636
null2_78	1	414	15	gene15	417	455	0.471	1	996.636
null2_79	1	415	14	gene14	393	417	0.22	1	686.4
null2_79	1	415	15	gene15	417	455	0.22	1	686.4
null2_80	1	416	14	gene14	393	417	0.105	1	375.9
null2_80	1	416	15	gene15	417	455	0.105	1	375.9
null2_81	1	417	14	gene14	393	417	0.4307	1	980.79
null2_81	1	417	15	gene15	417	455	0.4307	1	980.79
null2_82	1	418	14	gene14	393	417	0.2485	1	746.991
null2_82	1	418	15	gene15	417	455	0.2485	1	746.991
null2_83	1	419	14	gene14	393	417	0.07075	1	262.978
null2_83	1	419	15	gene15	417	455	0.07075	1	262.978
null2_84	1	420	14	gene14	393	417	0.3315	1	886.431
null2_84	1	420	15	gene15	417	455	0.3315	1	886.431
null2_85	1	421	14	gene14	393	417	0.385	1	947.1
null2_85	1	421	15	gene15	417	455	0.385	1	947.1
null2_86	1	422	14	gene14	393	417	0.2767	1	800.548
null2_86	1	422	15	gene15	417	455	0.2767	1	800.548
null2_87	1	423	15	gene15	417	455	0.308	1	852.544
null2_88	1	424	15	gene15	417	455	0.403	1	962.364
null2_89	1	425	15	gene15	417	455	0.08375	1	306.944
null2_90	1	426	15	gene15	417	455	0.005	1	19.9
null2_91	1	427	15	gene15	417	455	0.144	1	493.056
null2_92	1	428	15	gene15	417	455	0.4562	1	992.326
null2_93	1	429	15	gene15	417	455	0.259	1	767.676
null2_94	1	430	15	gene15	417	455	0.05825	1	219.428
null2_95	1	431	15	gene15	417	455	0.1675	1	557.775
null2_96	1	432	15	gene15	417	455	0.1375	1	474.375
null2_97	1	433	15	gene15	417	455	0.174	1	574.896
null2_98	1	434	15	gene15	417	455	0.3885	1	950.271
null2_99	1	435	15	gene15	417	455	0.3728	1	935.281
null2_100	1	436	15	gene15	417	455	0.294	1	830.256
null2_101	1	437	15	gene15	417	455	0.06	1	225.6
null2_102	1	438	15	gene15	417	455	0.3638	1	925.798
null2_103	1	439	15	gene15	417	455	0.4123	1	969.235
null2_104	1	440	15	gene15	417	455	0.1435	1	491.631
null2_105	1	441	15	gene15	417	455	0.433	1	982.044
null2_106	1	442	15	gene15	417	455	0.299	1	838.396
null2_107	1	443	15	gene15	417	455	0.4415	1	986.311
null2_108	1	444	15	gene15	417	455	0.2507	1	751.398
null2_109	1	445	15	gene15	417	455	0.224	1	695.296
null2_110	1	446	15	gene15	417	455	0.393	1	954.204
null2_111	1	447	15	gene15	417	455	0.3013	1	842.073
null2_112	1	448	15	gene15	417	455	0.0575	1	216.775
null2_113	1	449	15	gene15	417	455	0.08275	1	303.61
null2_114	1	450	15	gene15	417	455	0.4278	1	979.149
null2_114	1	450	16	gene16	455	487	0.4278	1	979.149
null2_115	1	451	15	gene15	417	455	0.3215	1	872.551
null2_115	1	451	16	gene16	455	487	0.3215	1	872.551
null2_116	1	452	15	gene15	417	455	0.4735	1	997.191
null2_116	1	452	16	gene16	455	487	0.4735	1	997.191
null2_117	1	453	15	gene15	417	455	0.4273	1	978.859
null2_117	1	453	16	gene16	455	487	0.4273	1	978.859
null2_118	1	454	15	gene15	417	455	0.4283	1	979.436
null2_118	1	454	16	gene16	455	487	0.4283	1	979.436
null2_119	1	455	15	gene15	417	455	0.2907	1	824.774
null2_119	1	455	16	gene16	455	487	0.2907	1	824.774
null2_120	1	456	15	gene15	417	455	0.2558	1	761.465
null2_120	1	456	16	gene16	455	487	0.2558	1	761.465
null2_121	1	457	15	gene15	417	455	0.465	1	995.1
null2_121	1	457	16	gene16	455	487	0.465	1	995.1
null2_122	1	458	15	gene15	417	455	0.2273	1	702.539
null2_122	1	458	16	gene16	455	487	0.2273	1	702.539
null2_123	1	459	15	gene15	417	455	0.2435	1	736.831
null2_123	1	459	16	gene16	455	487	0.2435	1	736.831
null2_124	1	460	15	gene15	417	455	0.0015	1	5.991
null2_124	1	460	16	gene16	455	487	0.0015	1	5.991
null2_125	1	461	16	gene16	455	487	0.366	1	928.176
null2_126	1	462	16	gene16	455	487	0.2792	1	804.989
null2_127	1	463	16	gene16	455	487	0.437	1	984.124
null2_128	1	464	16	gene16	455	487	0.258	1	765.744
null2_129	1	465	16	gene16	455	487	0.1422	1	487.917
null2_130	1	466	16	gene16	455	487	0.2425	1	734.775
null2_131	1	467	16	gene16	455	487	0.2508	1	751.597
null2_132	1	468	16	gene16	455	487	0.3137	1	861.169
null2_133	1	469	16	gene16	455	487	0.299	1	838.396
null2_134	1	470	16	gene16	455	487	0.00625	1	24.8438
null2_135	1	471	16	gene16	455	487	0.09425	1	341.468
null2_136	1	472	16	gene16	455	487	0.4632	1	994.583
null2_137	1	473	16	gene16	455	487	0.306	1	849.456
null2_138	1	474	16	gene16	455	487	0.2525	1	754.975
null2_139	1	475	16	gene16	455	487	0.1813	1	593.721
null2_140	1	476	16	gene16	455	487	0.08525	1	311.93
null2_141	1	477	16	gene16	455	487	0.0665	1	248.311
null2_142	1	478	16	gene16	455	487	0.1505	1	511.399
null2_143	1	479	16	gene16	455	487	0.2228	1	692.641
null2_144	1	480	16	gene16	455	487	0.1	1	360
null2_145	1	481	16	gene16	455	487	0.2745	1	796.599
null2_146	1	482	16	gene16	455	487	0.2883	1	820.732
null2_146	1	482	17	gene17	487	526	0.2883	1	820.732
null2_147	1	483	16	gene16	455	487	0.498	1	999.984
null2_147	1	483	17	gene17	487	526	0.498	1	999.984
null2_148	1	484	16	gene16	455	487	0.2495	1	748.999
null2_148	1	484	17	gene17	487	526	0.2495	1	748.999
null2_149	1	485	16	gene16	455	487	0.1222	1	429.069
null2_149	1	485	17	gene17	487	526	0.1222	1	429.069
null2_150	1	486	16	gene16	455	487	0.1042	1	373.369
null2_150	1	486	17	gene17	487	526	0.1042	1	373.369
null2_151	1	487	16	gene16	455	487	0.1955	1	629.119
null2_151	1	487	17	gene17	487	526	0.1955	1	629.119
null2_152	1	488	16	gene16	455	487	0.027	1	105.084
null2_152	1	488	17	gene17	487	526	0.027	1	105.084
null2_153	1	489	16	gene16	455	487	0.2695	1	787.479
null2_153	1	489	17	gene17	487	526	0.2695	1	787.479
null2_154	1	490	16	gene16	455	487	0.443	1	987.004
null2_154	1	490	17	gene17	487	526	0.443	1	987.004
null2_155	1	491	16	gene16	455	487	0.06375	1	238.744
null2_155	1	491	17	gene17	487	526	0.06375	1	238.744
null2_156	1	492	16	gene16	455	487	0.3023	1	843.659
null2_156	1	492	17	gene17	487	526	0.3023	1	843.659
null2_157	1	493	17	gene17	487	526	0.09725	1	351.17
null2_158	1	494	17	gene17	487	526	0.3835	1	945.711
null2_159	1	495	17	gene17	487	526	0.2195	1	685.279
null2_160	1	496	17	gene17	487	526	0.2907	1	824.774
null2_161	1	497	17	gene17	487	526	0.3207	1	871.406
null2_162	1	498	17	gene17	487	526	0.2748	1	797.14
null2_163	1	499	17	gene17	487	526	0.219	1	684.156
null2_164	1	500	17	gene17	487	526	0.3652	1	927.316
null2_165	1	501	17	gene17	487	526	0.1938	1	624.966
null2_166	1	502	17	gene17	487	526	0.3395	1	896.959
null2_168	1	504	17	gene17	487	526	0.333	1	888.444
null2_169	1	505	17	gene17	487	526	0.426	1	978.096
null2_170	1	506	17	gene17	487	526	0.1643	1	549.222
null2_171	1	507	17	gene17	487	526	0.4798	1	998.368
null2_172	1	508	17	gene17	487	526	0.4285	1	979.551
null2_173	1	509	17	gene17	487	526	0.089	1	324.316
null2_174	1	510	17	gene17	487	526	0.3227	1	874.259
null2_175	1	511	17	gene17	487	526	0.203	1	647.164
null2_176	1	512	17	gene17	487	526	0.1958	1	629.849
null2_177	1	513	17	gene17	487	526	0.3407	1	898.494
null2_178	1	514	17	gene17	487	526	0.2418	1	733.331
null2_179	1	515	17	gene17	487	526	0.1977	1	634.459
null2_180	1	516	17	gene17	487	526	0.03	1	116.4
null2_181	1	517	17	gene17	487	526	0.4763	1	997.753
null2_182	1	518	17	gene17	487	526	0.248	1	745.984
null2_183	1	519	17	gene17	487	526	0.04025	1	154.52
null2_184	1	520	17	gene17	487	526	0.271	1	790.236
null2_185	1	521	17	gene17	487	526	0.3817	1	944.02
null2_185	1	521	18	gene18	526	541	0.3817	1	944.02
null2_186	1	522	17	gene17	487	526	0.4718	1	996.819
null2_186	1	522	18	gene18	526	541	0.4718	1	996.819
null2_187	1	523	17	gene17	487	526	0.3282	1	881.939
null2_187	1	523	18	gene18	526	541	0.3282	1	881.939
null2_188	1	524	17	gene17	487	526	0.2252	1	697.94
null2_188	1	524	18	gene18	526	541	0.2252	1	697.94
null2_189	1	525	17	gene17	487	526	0.4203	1	974.592
null2_189	1	525	18	gene18	526	541	0.4203	1	974.592
null2_190	1	526	17	gene17	487	526	0.3995	1	959.599
null2_190	1	526	18	gene18	526	541	0.3995	1	959.599
null2_191	1	527	17	gene17	487	526	0.4163	1	971.977
null2_191	1	527	18	gene18	526	541	0.4163	1	971.977
null2_192	1	528	17	gene17	487	526	0.26	1	769.6
null2_192	1	528	18	gene18	526	541	0.26	1	769.6
null2_193	1	529	17	gene17	487	526	0.3835	1	945.711
null2_193	1	529	18	gene18	526	541	0.3835	1	945.711
null2_194	1	530	17	gene17	487	526	0.424	1	976.896
null2_194	1	530	18	gene18	526	541	0.424	1	976.896
null2_195	1	531	17	gene17	487	526	0.05425	1	205.228
null2_195	1	531	18	gene18	526	541	0.05425	1	205.228
null2_196	1	532	18	gene18	526	541	0.478	1	998.064
null2_197	1	533	18	gene18	526	541	0.335	1	891.1
null2_198	1	534	18	gene18	526	541	0.1032	1	370.199
null2_199	1	535	18	gene18	526	541	0.3752	1	937.7
null2_200	1	536	18	gene18	526	541	0.3257	1	878.478
null2_200	1	536	19	gene19	541	574	0.3257	1	878.478
null2_201	1	537	18	gene18	526	541	0.423	1	976.284
null2_201	1	537	19	gene19	541	574	0.423	1	976.284
null2_202	1	538	18	gene18	526	541	0.03225	1	124.84
null2_202	1	538	19	gene19	541	574	0.03225	1	124.84
null2_203	1	539	18	gene18	526	541	0.2808	1	807.805
null2_203	1	539	19	gene19	541	574	0.2808	1	807.805
null2_204	1	540	18	gene18	526	541	0.0845	1	309.439
null2_204	1	540	19	gene19	541	574	0.0845	1	309.439
null2_205	1	541	18	gene18	526	541	0.042	1	160.944
null2_205	1	541	19	gene19	541	574	0.042	1	160.944
null2_206	1	542	18	gene18	526	541	0.0705	1	262.119
null2_206	1	542	19	gene19	541	574	0.0705	1	262.119
null2_207	1	543	18	gene18	526	541	0.316	1	864.576
null2_207	1	543	19	gene19	541	574	0.316	1	864.576
null2_208	1	544	18	gene18	526	541	0.1302	1	452.992
null2_208	1	544	19	gene19	541	574	0.1302	1	452.992
null2_209	1	545	18	gene18	526	541	0.056	1	211.456
null2_209	1	545	19	gene19	541	574	0.056	1	211.456
null2_210	1	546	18	gene18	526	541	0.165	1	551.1
null2_210	1	546	19	gene19	541	574	0.165	1	551.1
null2_211	1	547	19	gene19	541	574	0.431	1	980.956
null2_212	1	548	19	gene19	541	574	0.1272	1	444.081
null2_213	1	549	19	gene19	541	574	0.1833	1	598.804
null2_214	1	550	19	gene19	541	574	0.3415	1	899.511
null2_215	1	551	19	gene19	541	574	0.3892	1	950.893
null2_216	1	552	19	gene19	541	574	0.047	1	179.164
null2_217	1	553	19	gene19	541	574	0.1697	1	563.608
null2_218	1	554	19	gene19	541	574	0.3132	1	860.423
null2_219	1	555	19	gene19	541	574	0.188	1	610.624
null2_220	1	556	19	gene19	541	574	0.251	1	751.996
null2_221	1	557	19	gene19	541	574	0.473	1	997.084
null2_222	1	558	19	gene19	541	574	0.144	1	493.056
null2_223	1	559	19	gene19	541	574	0.424	1	976.896
null2_224	1	560	19	gene19	541	574	0.4285	1	979.551
null2_225	1	561	19	gene19	541	574	0.1372	1	473.505
null2_226	1	562	19	gene19	541	574	0.00925	1	36.6578
null2_227	1	563	19	gene19	541	574	0.491	1	999.676
null2_228	1	564	19	gene19	541	574	0.0255	1	99.399
null2_229	1	565	19	gene19	541	574	0.063	1	236.124
null2_230	1	566	19	gene19	541	574	0.06875	1	256.094
null2_231	1	567	19	gene19	541	574	0.1488	1	506.634
null2_232	1	568	19	gene19	541	574	0.4475	1	988.975
null2_233	1	569	19	gene19	541	574	0.1883	1	611.372
null2_233	1	569	20	gene20	574	594	0.1883	1	611.372
null2_234	1	570	19	gene19	541	574	0.3832	1	945.431
null2_234	1	570	20	gene20	574	594	0.3832	1	945.431
null2_235	1	571	19	gene19	541	574	0.4148	1	970.964
null2_235	1	571	20	gene20	574	594	0.4148	1	970.964
null2_236	1	572	19	gene19	541	574	0.422	1	975.664
null2_236	1	572	20	gene20	574	594	0.422	1	975.664
null2_237	1	573	19	gene19	541	574	0.07725	1	285.13
null2_237	1	573	20	gene20	574	594	0.07725	1	285.13
null2_238	1	574	19	gene19	541	574	0.1515	1	514.191
null2_238	1	574	20	gene20	574	594	0.1515	1	514.191
null2_239	1	575	19	gene19	541	574	0.111	1	394.716
null2_239	1	575	20	gene20	574	594	0.111	1	394.716
null2_240	1	576	19	gene19	541	574	0.0645	1	241.359
null2_240	1	576	20	gene20	574	594	0.0645	1	241.359
null2_241	1	577	19	gene19	541	574	0.4462	1	988.422
null2_241	1	577	20	gene20	574	594	0.4462	1	988.422
null2_242	1	578	19	gene19	541	574	0.2233	1	693.748
null2_242	1	578	20	gene20	574	594	0.2233	1	693.748
null2_243	1	579	19	gene19	541	574	0.14	1	481.6
null2_243	1	579	20	gene20	574	594	0.14	1	481.6
null2_244	1	580	20	gene20	574	594	0.3217	1	872.836
null2_245	1	581	20	gene20	574	594	0.4873	1	999.355
null2_246	1	582	20	gene20	574	594	0.341	1	898.876
null2_247	1	583	20	gene20	574	594	0.1422	1	487.917
null2_248	1	584	20	gene20	574	594	0.1635	1	547.071
null2_249	1	585	20	gene20	574	594	0.066	1	246.576
null2_250	1	586	20	gene20	574	594	0.081	1	297.756
null2_251	1	587	20	gene20	574	594	0.1567	1	528.58
null2_252	1	588	20	gene20	574	594	0.434	1	982.576
null2_253	1	589	20	gene20	574	594	0.2567	1	763.22
null2_253	1	589	21	gene21	594	629	0.2567	1	763.22
null2_254	1	590	20	gene20	574	594	0.4723	1	996.931
null2_254	1	590	21	gene21	594	629	0.4723	1	996.931
null2_255	1	591	20	gene20	574	594	0.2173	1	680.323
null2_255	1	591	21	gene21	594	629	0.2173	1	680.323
null2_256	1	592	20	gene20	574	594	0.104	1	372.736
null2_256	1	592	21	gene21	594	629	0.104	1	372.736
null2_257	1	593	20	gene20	574	594	0.32	1	870.4
null2_257	1	593	21	gene21	594	629	0.32	1	870.4
null2_258	1	594	20	gene20	574	594	0.068	1	253.504
null2_258	1	594	21	gene21	594	629	0.068	1	253.504
null2_259	1	595	20	gene20	574	594	0.07175	1	266.408
null2_259	1	595	21	gene21	594	629	0.07175	1	266.408
null2_260	1	596	20	gene20	574	594	0.3373	1	894.115
null2_260	1	596	21	gene21	594	629	0.3373	1	894.115
null2_261	1	597	20	gene20	574	594	0.00775	1	30.7598
null2_261	1	597	21	gene21	594	629	0.00775	1	30.7598
null2_262	1	598	20	gene20	574	594	0.1872	1	608.625
null2_262	1	598	21	gene21	594	629	0.1872	1	608.625
null2_263	1	599	20	gene20	574	594	0.3872	1	949.105
null2_263	1	599	21	gene21	594	629	0.3872	1	949.105
null2_264	1	600	21	gene21	594	629	0.2338	1	716.55
null2_265	1	601	21	gene21	594	629	0.1025	1	367.975
null2_266	1	602	21	gene21	594	629	0.1295	1	450.919
null2_267	1	603	21	gene21	594	629	0.1802	1	590.912
null2_268	1	604	21	gene21	594	629	0.095	1	343.9
null2_269	1	605	21	gene21	594	629	0.0615	1	230.871
null2_270	1	606	21	gene21	594	629	0.06575	1	245.708
null2_271	1	607	21	gene21	594	629	0.1917	1	619.804
null2_272	1	608	21	gene21	594	629	0.08675	1	316.898
null2_273	1	609	21	gene21	594	629	0.0895	1	325.959
null2_274	1	610	21	gene21	594	629	0.3207	1	871.406
null2_275	1	611	21	gene21	594	629	0.1727	1	571.499
null2_276	1	612	21	gene21	594	629	0.02075	1	81.2777
null2_277	1	613	21	gene21	594	629	0.3347	1	890.704
null2_278	1	614	21	gene21	594	629	0.4462	1	988.422
null2_279	1	615	21	gene21	594	629	0.3938	1	954.886
null2_280	1	616	21	gene21	594	629	0.39	1	951.6
null2_281	1	617	21	gene21	594	629	0.485	1	999.1
null2_282	1	618	21	gene21	594	629	0.2495	1	748.999
null2_283	1	619	21	gene21	594	629	0.3227	1	874.259
null2_284	1	620	21	gene21	594	629	0.4708	1	996.589
null2_285	1	621	21	gene21	594	629	0.2812	1	808.506
null2_286	1	622	21	gene21	594	629	0.144	1	493.056
null2_287	1	623	21	gene21	594	629	0.211	1	665.916
null2_288	1	624	21	gene21	594	629	0.084	1	307.776
null2_288	1	624	22	gene22	629	643	0.084	1	307.776
null2_289	1	625	21	gene21	594	629	0.2975	1	835.975
null2_289	1	625	22	gene22	629	643	0.2975	1	835.975
null2_290	1	626	21	gene21	594	629	0.00425	1	16.9277
null2_290	1	626	22	gene22	629	643	0.00425	1	16.9277
null2_291	1	627	21	gene21	594	629	0.2183	1	682.58
null2_291	1	627	22	gene22	629	643	0.2183	1	682.58
null2_292	1	628	21	gene21	594	629	0.3847	1	946.824
null2_292	1	628	22	gene22	629	643	0.3847	1	946.824
null2_293	1	629	21	gene21	594	629	0.0475	1	180.975
null2_293	1	629	22	gene22	629	643	0.0475	1	180.975
null2_294	1	630	21	gene21	594	629	0.3395	1	896.959
null2_294	1	630	22	gene22	629	643	0.3395	1	896.959
null2_295	1	631	21	gene21	594	629	0.0025	1	9.975
null2_295	1	631	22	gene22	629	643	0.0025	1	9.975
null2_296	1	632	21	gene21	594	629	0.078	1	287.664
null2_296	1	632	22	gene22	629	643	0.078	1	287.664
null2_297	1	633	21	gene21	594	629	0.07225	1	268.12
null2_297	1	633	22	gene22	629	643	0.07225	1	268.12
null2_298	1	634	21	gene21	594	629	0.2665	1	781.911
null2_298	1	634	22	gene22	629	643	0.2665	1	781.911
null2_299	1	635	22	gene22	629	643	0.4123	1	969.235
null2_300	1	636	22	gene22	629	643	0.01325	1	52.2978
null2_301	1	637	22	gene22	629	643	0.2488	1	747.594
null2_302	1	638	22	gene22	629	643	0.394	1	955.056
null2_302	1	638	23	gene23	643	671	0.394	1	955.056
null2_303	1	639	22	gene22	629	643	0.293	1	828.604
null2_303	1	639	23	gene23	643	671	0.293	1	828.604
null2_304	1	640	22	gene22	629	643	0.0745	1	275.799
null2_304	1	640	23	gene23	643	671	0.0745	1	275.799
null2_305	1	641	22	gene22	629	643	0.00525	1	20.8897
null2_305	1	641	23	gene23	643	671	0.00525	1	20.8897
null2_306	1	642	22	gene22	629	643	0.3455	1	904.519
null2_306	1	642	23	gene23	643	671	0.3455	1	904.519
null2_307	1	643	22	gene22	629	643	0.2492	1	748.397
null2_307	1	643	23	gene23	643	671	0.2492	1	748.397
null2_308	1	644	22	gene22	629	643	0.3642	1	926.233
null2_308	1	644	23	gene23	643	671	0.3642	1	926.233
null2_309	1	645	22	gene22	629	643	0.1522	1	516.141
null2_309	1	645	23	gene23	643	671	0.1522	1	516.141
null2_310	1	646	22	gene22	629	643	0.1005	1	361.599
null2_310	1	646	23	gene23	643	671	0.1005	1	361.599
null2_311	1	647	22	gene22	629	643	0.3518	1	912.147
null2_311	1	647	23	gene23	643	671	0.3518	1	912.147
null2_312	1	648	22	gene22	629	643	0.3468	1	906.119
null2_312	1	648	23	gene23	643	671	0.3468	1	906.119
null2_313	1	649	23	gene23	643	671	0.1787	1	587.065
null2_314	1	650	23	gene23	643	671	0.4682	1	995.955
null2_315	1	651	23	gene23	643	671	0.148	1	504.384
null2_316	1	652	23	gene23	643	671	0.2333	1	715.484
null2_317	1	653	23	gene23	643	671	0.3257	1	878.478
null2_318	1	654	23	gene23	643	671	0.326	1	878.896
null2_319	1	655	23	gene23	643	671	0.119	1	419.356
null2_320	1	656	23	gene23	643	671	0.4495	1	989.799
null2_321	1	657	23	gene23	643	671	0.367	1	929.244
null2_322	1	658	23	gene23	643	671	0.4703	1	996.472
null2_323	1	659	23	gene23	643	671	0.2702	1	788.768
null2_324	1	660	23	gene23	643	671	0.137	1	472.924
null2_325	1	661	23	gene23	643	671	0.4083	1	966.364
null2_326	1	662	23	gene23	643	671	0.4565	1	992.431
null2_327	1	663	23	gene23	643	671	0.377	1	939.484
null2_328	1	664	23	gene23	643	671	0.4635	1	994.671
null2_329	1	665	23	gene23	643	671	0.33	1	884.4
dis2_0	1	666	23	gene23	643	671	0.4825	1	998.775
dis2_0	1	666	24	gene24	671	710	0.4825	1	998.775
dis2_1	1	667	23	gene23	643	671	0.2715	1	791.151
dis2_1	1	667	24	gene24	671	710	0.2715	1	791.151
dis2_2	1	668	23	gene23	643	671	0.4718	1	996.819
dis2_2	1	668	24	gene24	671	710	0.4718	1	996.819
dis2_3	1	669	23	gene23	643	671	0.1535	1	519.751
dis2_3	1	669	24	gene24	671	710	0.1535	1	519.751
dis2_4	1	670	23	gene23	643	671	0.462	1	994.224
dis2_4	1	670	24	gene24	671	710	0.462	1	994.224
null3_0	1	671	23	gene23	643	671	0.276	1	799.296
null3_0	1	671	24	gene24	671	710	0.276	1	799.296
null3_1	1	672	23	gene23	643	671	0.4412	1	986.17
null3_1	1	672	24	gene24	671	710	0.4412	1	986.17
null3_2	1	673	23	gene23	643	671	0.166	1	553.776
null3_2	1	673	24	gene24	671	710	0.166	1	553.776
null3_3	1	674	23	gene23	643	671	0.3948	1	955.732
null3_3	1	674	24	gene24	671	710	0.3948	1	955.732
null3_4	1	675	23	gene23	643	671	0.1862	1	606.118
null3_4	1	675	24	gene24	671	710	0.1862	1	606.118
null3_5	1	676	23	gene23	643	671	0.06625	1	247.444
null3_5	1	676	24	gene24	671	710	0.06625	1	247.444
null3_6	1	677	24	gene24	671	710	0.4117	1	968.812
null3_7	1	678	24	gene24	671	710	0.2568	1	763.415
null3_8	1	679	24	gene24	671	710	0.0685	1	255.231
null3_9	1	680	24	gene24	671	710	0.1807	1	592.19
null3_10	1	681	24	gene24	671	710	0.06175	1	231.748
null3_11	1	682	24	gene24	671	710	0.4002	1	960.16
null3_12	1	683	24	gene24	671	710	0.2505	1	750.999
null3_13	1	684	24	gene24	671	710	0.1975	1	633.975
null3_14	1	685	24	gene24	671	710	0.497	1	999.964
null3_15	1	686	24	gene24	671	710	0.3892	1	950.893
null3_16	1	687	24	gene24	671	710	0.1288	1	448.842
null3_17	1	688	24	gene24	671	710	0.4348	1	982.996
null3_18	1	689	24	gene24	671	710	0.46	1	993.6
null3_19	1	690	24	gene24	671	710	0.07875	1	290.194
null3_20	1	691	24	gene24	671	710	0.2295	1	707.319
null3_21	1	692	24	gene24	671	710	0.4963	1	999.945
null3_22	1	693	24	gene24	671	710	0.1767	1	581.908
null3_23	1	694	24	gene24	671	710	0.1683	1	559.9
null3_24	1	695	24	gene24	671	710	0.397	1	957.564
null3_25	1	696	24	gene24	671	710	0.2722	1	792.429
null3_26	1	697	24	gene24	671	710	0.3967	1	957.316
null3_27	1	698	24	gene24	671	710	0.4325	1	981.775
null3_28	1	699	24	gene24	671	710	0.2568	1	763.415
null3_29	1	700	24	gene24	671	710	0.3127	1	859.675
null3_31	1	702	24	gene24	671	710	0.2477	1	745.379
null3_32	1	703	24	gene24	671	710	0.057	1	215.004
null3_33	1	704	24	gene24	671	710	0.4255	1	977.799
null3_34	1	705	24	gene24	671	710	0.3427	1	901.027
null3_34	1	705	25	gene25	710	735	0.3427	1	901.027
null3_35	1	706	24	gene24	671	710	0.2295	1	707.319
null3_35	1	706	25	gene25	710	735	0.2295	1	707.319
null3_36	1	707	24	gene24	671	710	0.2348	1	718.676
null3_36	1	707	25	gene25	710	735	0.2348	1	718.676
null3_37	1	708	24	gene24	671	710	0.07275	1	269.83
null3_37	1	708	25	gene25	710	735	0.07275	1	269.83
null3_38	1	709	24	gene24	671	710	0.1595	1	536.239
null3_38	1	709	25	gene25	710	735	0.1595	1	536.239
null3_39	1	710	24	gene24	671	710	0.1977	1	634.459
null3_39	1	710	25	gene25	710	735	0.1977	1	634.459
null3_40	1	711	24	gene24	671	710	0.4705	1	996.519
null3_40	1	711	25	gene25	710	735	0.4705	1	996.519
null3_41	1	712	24	gene24	671	710	0.422	1	975.664
null3_41	1	712	25	gene25	710	735	0.422	1	975.664
null3_42	1	713	24	gene24	671	710	0.008	1	31.744
null3_42	1	713	25	gene25	710	735	0.008	1	31.744
null3_43	1	714	24	gene24	671	710	0.2338	1	716.55
null3_43	1	714	25	gene25	710	735	0.2338	1	716.55
null3_44	1	715	24	gene24	671	710	0.0915	1	332.511
null3_44	1	715	25	gene25	710	735	0.0915	1	332.511
null3_45	1	716	25	gene25	710	735	0.3245	1	876.799
null3_46	1	717	25	gene25	710	735	0.2228	1	692.641
null3_47	1	718	25	gene25	710	735	0.2657	1	780.414
null3_48	1	719	25	gene25	710	735	0.2198	1	685.952
null3_49	1	720	25	gene25	710	735	0.2508	1	751.597
null3_50	1	721	25	gene25	710	735	0.198	1	635.184
null3_51	1	722	25	gene25	710	735	0.434	1	982.576
null3_52	1	723	25	gene25	710	735	0.263	1	775.324
null3_53	1	724	25	gene25	710	735	0.3668	1	929.031
null3_54	1	725	25	gene25	710	735	0.1245	1	435.999
null3_55	1	726	25	gene25	710	735	0.1795	1	589.119
null3_56	1	727	25	gene25	710	735	0.183	1	598.044
null3_57	1	728	25	gene25	710	735	0.3673	1	929.563
null3_58	1	729	25	gene25	710	735	0.00425	1	16.9277
null3_59	1	730	25	gene25	710	735	0.2288	1	705.802
null3_59	1	730	26	gene26	735	769	0.2288	1	705.802
null3_60	1	731	25	gene25	710	735	0.1128	1	400.305
null3_60	1	731	26	gene26	735	769	0.1128	1	400.305
null3_61	1	732	25	gene25	710	735	0.199	1	637.596
null3_61	1	732	26	gene26	735	769	0.199	1	637.596
null3_62	1	733	25	gene25	710	735	0.4565	1	992.431
null3_62	1	733	26	gene26	735	769	0.4565	1	992.431
null3_64	1	735	25	gene25	710	735	0.1475	1	502.975
null3_64	1	735	26	gene26	735	769	0.1475	1	502.975
null3_65	1	736	25	gene25	710	735	0.2985	1	837.591
null3_65	1	736	26	gene26	735	769	0.2985	1	837.591
null3_66	1	737	25	gene25	710	735	0.1323	1	459.187
null3_66	1	737	26	gene26	735	769	0.1323	1	459.187
null3_67	1	738	25	gene25	710	735	0.0175	1	68.775
null3_67	1	738	26	gene26	735	769	0.0175	1	68.775
null3_68	1	739	25	gene25	710	735	0.05075	1	192.698
null3_68	1	739	26	gene26	735	769	0.05075	1	192.698
null3_69	1	740	25	gene25	710	735	0.319	1	868.956
null3_69	1	740	26	gene26	735	769	0.319	1	868.956
null3_70	1	741	26	gene26	735	769	0.1933	1	623.74
null3_71	1	742	26	gene26	735	769	0.3668	1	929.031
null3_72	1	743	26	gene26	735	769	0.3912	1	952.65
null3_73	1	744	26	gene26	735	769	0.024	1	93.696
null3_74	1	745	26	gene26	735	769	0.0685	1	255.231
null3_75	1	746	26	gene26	735	769	0.011	1	43.516
null3_76	1	747	26	gene26	735	769	0.4918	1	999.731
null3_77	1	748	26	gene26	735	769	0.3968	1	957.399
null3_78	1	749	26	gene26	735	769	0.2395	1	728.559
null3_79	1	750	26	gene26	735	769	0.1508	1	512.237
null3_80	1	751	26	gene26	735	769	0.2572	1	764.193
null3_81	1	752	26	gene26	735	769	0.414	1	970.416
null3_82	1	753	26	gene26	735	769	0.1955	1	629.119
null3_84	1	755	26	gene26	735	769	0.0075	1	29.775
null3_85	1	756	26	gene26	735	769	0.092	1	334.144
null3_86	1	757	26	gene26	735	769	0.0155	1	61.039
null3_87	1	758	26	gene26	735	769	0.3845	1	946.639
null3_88	1	759	26	gene26	735	769	0.1883	1	611.372
null3_89	1	760	26	gene26	735	769	0.01375	1	54.2437
null3_90	1	761	26	gene26	735	769	0.238	1	725.424
null3_91	1	762	26	gene26	735	769	0.24	1	729.6
null3_92	1	763	26	gene26	735	769	0.216	1	677.376
null3_94	1	765	26	gene26	735	769	0.3057	1	848.99
null3_94	1	765	27	gene27	769	808	0.3057	1	848.99
null3_95	1	766	26	gene26	735	769	0.3608	1	922.493
null3_95	1	766	27	gene27	769	808	0.3608	1	922.493
null3_96	1	767	26	gene26	735	769	0.05725	1	215.89
null3_96	1	767	27	gene27	769	808	0.05725	1	215.89
null3_97	1	768	26	gene26	735	769	0.009	1	35.676
null3_97	1	768	27	gene27	769	808	0.009	1	35.676
null3_98	1	769	26	gene26	735	769	0.446	1	988.336
null3_98	1	769	27	gene27	769	808	0.446	1	988.336
null3_99	1	770	26	gene26	735	769	0.4255	1	977.799
null3_99	1	770	27	gene27	769	808	0.4255	1	977.799
null3_100	1	771	26	gene26	735	769	0.4763	1	997.753
null3_100	1	771	27	gene27	769	808	0.4763	1	997.753
null3_101	1	772	26	gene26	735	769	0.2452	1	740.308
null3_101	1	772	27	gene27	769	808	0.2452	1	740.308
null3_102	1	773	26	gene26	735	769	0.1558	1	526.105
null3_102	1	773	27	gene27	769	808	0.1558	1	526.105
null3_103	1	774	26	gene26	735	769	0.2805	1	807.279
null3_103	1	774	27	gene27	769	808	0.2805	1	807.279
null3_104	1	775	27	gene27	769	808	0.07775	1	286.82
null3_105	1	776	27	gene27	769	808	0.12	1	422.4
null3_106	1	777	27	gene27	769	808	0.4878	1	999.405
null3_107	1	778	27	gene27	769	808	0.2823	1	810.427
null3_108	1	779	27	gene27	769	808	0.4315	1	981.231
null3_109	1	780	27	gene27	769	808	0.1452	1	496.468
null3_110	1	781	27	gene27	769	808	0.301	1	841.596
null3_111	1	782	27	gene27	769	808	0.05325	1	201.658
null3_112	1	783	27	gene27	769	808	0.466	1	995.376
null3_113	1	784	27	gene27	769	808	0.4158	1	971.641
null3_114	1	785	27	gene27	769	808	0.4728	1	997.041
null3_115	1	786	27	gene27	769	808	0.06175	1	231.748
null3_116	1	787	27	gene27	769	808	0.06175	1	231.748
null3_117	1	788	27	gene27	769	808	0.2675	1	783.775
null3_118	1	789	27	gene27	769	808	0.189	1	613.116
null3_119	1	790	27	gene27	769	808	0.053	1	200.764
null3_120	1	791	27	gene27	769	808	0.014	1	55.216
null3_121	1	792	27	gene27	769	808	0.354	1	914.736
null3_122	1	793	27	gene27	769	808	0.3855	1	947.559
null3_123	1	794	27	gene27	769	808	0.4133	1	969.932
null3_124	1	795	27	gene27	769	808	0.3622	1	924.045
null3_125	1	796	27	gene27	769	808	0.4432	1	987.095
null3_126	1	797	27	gene27	769	808	0.216	1	677.376
null3_127	1	798	27	gene27	769	808	0.1977	1	634.459
null3_129	1	800	27	gene27	769	808	0.421	1	975.036
null3_130	1	801	27	gene27	769	808	0.07125	1	264.694
null3_131	1	802	27	gene27	769	808	0.363	1	924.924
null3_132	1	803	27	gene27	769	808	0.2632	1	775.703
null3_132	1	803	28	gene28	808	833	0.2632	1	775.703
null3_133	1	804	27	gene27	769	808	0.2032	1	647.639
null3_133	1	804	28	gene28	808	833	0.2032	1	647.639
null3_134	1	805	27	gene27	769	808	0.4695	1	996.279
null3_134	1	805	28	gene28	808	833	0.4695	1	996.279
null3_135	1	806	27	gene27	769	808	0.07625	1	281.744
null3_135	1	806	28	gene28	808	833	0.07625	1	281.744
null3_136	1	807	27	gene27	769	808	0.3202	1	870.688
null3_136	1	807	28	gene28	808	833	0.3202	1	870.688
null3_137	1	808	27	gene27	769	808	0.2402	1	730.016
null3_137	1	808	28	gene28	808	833	0.2402	1	730.016
null3_138	1	809	27	gene27	769	808	0.1092	1	389.101
null3_138	1	809	28	gene28	808	833	0.1092	1	389.101
null3_139	1	810	27	gene27	769	808	0.3048	1	847.588
null3_139	1	810	28	gene28	808	833	0.3048	1	847.588
null3_140	1	811	27	gene27	769	808	0.463	1	994.524
null3_140	1	811	28	gene28	808	833	0.463	1	994.524
null3_141	1	812	27	gene27	769	808	0.03375	1	130.444
null3_141	1	812	28	gene28	808	833	0.03375	1	130.444
null3_142	1	813	27	gene27	769	808	0.1393	1	479.582
null3_142	1	813	28	gene28	808	833	0.1393	1	479.582
null3_143	1	814	28	gene28	808	833	0.3242	1	876.377
null3_144	1	815	28	gene28	808	833	0.0015	1	5.991
null3_145	1	816	28	gene28	808	833	0.091	1	330.876
null3_146	1	817	28	gene28	808	833	0.334	1	889.776
null3_147	1	818	28	gene28	808	833	0.339	1	896.316
null3_148	1	819	28	gene28	808	833	0.2727	1	793.339
null3_149	1	820	28	gene28	808	833	0.03875	1	148.994
null3_150	1	821	28	gene28	808	833	0.2807	1	807.63
null3_151	1	822	28	gene28	808	833	0.3055	1	848.679
null3_152	1	823	28	gene28	808	833	0.3725	1	934.975
null3_153	1	824	28	gene28	808	833	0.317	1	866.044
null3_154	1	825	28	gene28	808	833	0.0755	1	279.199
null3_155	1	826	28	gene28	808	833	0.242	1	733.744
null3_156	1	827	28	gene28	808	833	0.211	1	665.916
null3_157	1	828	28	gene28	808	833	0.04525	1	172.81
null3_157	1	828	29	gene29	833	872	0.04525	1	172.81
null3_158	1	829	28	gene28	808	833	0.1263	1	441.393
null3_158	1	829	29	gene29	833	872	0.1263	1	441.393
null3_159	1	830	28	gene28	808	833	0.09175	1	333.328
null3_159	1	830	29	gene29	833	872	0.09175	1	333.328
null3_160	1	831	28	gene28	808	833	0.3782	1	940.659
null3_160	1	831	29	gene29	833	872	0.3782	1	940.659
null3_161	1	832	28	gene28	808	833	0.117	1	413.244
null3_161	1	832	29	gene29	833	872	0.117	1	413.244
null3_162	1	833	28	gene28	808	833	0.2742	1	796.057
null3_162	1	833	29	gene29	833	872	0.2742	1	796.057
null3_163	1	834	28	gene28	808	833	0.4303	1	980.568
null3_163	1	834	29	gene29	833	872	0.4303	1	980.568
null3_164	1	835	28	gene28	808	833	0.325	1	877.5
null3_164	1	835	29	gene29	833	872	0.325	1	877.5
null3_165	1	836	28	gene28	808	833	0.4505	1	990.199
null3_165	1	836	29	gene29	833	872	0.4505	1	990.199
null3_166	1	837	28	gene28	808	833	0.00825	1	32.7278
null3_166	1	837	29	gene29	833	872	0.00825	1	32.7278
null3_167	1	838	28	gene28	808	833	0.069	1	256.956
null3_167	1	838	29	gene29	833	872	0.069	1	256.956
null3_168	1	839	29	gene29	833	872	0.4165	1	972.111
null3_169	1	840	29	gene29	833	872	0.289	1	821.916
null3_170	1	841	29	gene29	833	872	0.1355	1	468.559
null3_171	1	842	29	gene29	833	872	0.33	1	884.4
null3_172	1	843	29	gene29	833	872	0.0305	1	118.279
null3_173	1	844	29	gene29	833	872	0.1242	1	435.097
null3_174	1	845	29	gene29	833	872	0.211	1	665.916
null3_175	1	846	29	gene29	833	872	0.325	1	877.5
null3_176	1	847	29	gene29	833	872	0.357	1	918.204
null3_177	1	848	29	gene29	833	872	0.00425	1	16.9277
null3_178	1	849	29	gene29	833	872	0.2445	1	738.879
null3_179	1	850	29	gene29	833	872	0.3498	1	909.76
null3_180	1	851	29	gene29	833	872	0.0185	1	72.631
null3_181	1	852	29	gene29	833	872	0.02275	1	88.9297
null3_182	1	853	29	gene29	833	872	0.4315	1	981.231
null3_183	1	854	29	gene29	833	872	0.2308	1	710.125
null3_184	1	855	29	gene29	833	872	0.138	1	475.824
null3_185	1	856	29	gene29	833	872	0.1747	1	576.72
null3_186	1	857	29	gene29	833	872	0.3448	1	903.652
null3_187	1	858	29	gene29	833	872	0.3623	1	924.155
null3_188	1	859	29	gene29	833	872	0.06875	1	256.094
null3_189	1	860	29	gene29	833	872	0.1018	1	365.747
null3_190	1	861	29	gene29	833	872	0.4	1	960
null3_191	1	862	29	gene29	833	872	0.02425	1	94.6478
null3_192	1	863	29	gene29	833	872	0.3655	1	927.639
null3_193	1	864	29	gene29	833	872	0.3583	1	919.684
null3_194	1	865	29	gene29	833	872	0.308	1	852.544
null3_195	1	866	29	gene29	833	872	0.2273	1	702.539
null3_196	1	867	29	gene29	833	872	0.203	1	647.164
null3_196	1	867	30	gene30	872	908	0.203	1	647.164
null3_197	1	868	29	gene29	833	872	0.4565	1	992.431
null3_197	1	868	30	gene30	872	908	0.4565	1	992.431
null3_198	1	869	29	gene29	833	872	0.326	1	878.896
null3_198	1	869	30	gene30	872	908	0.326	1	878.896
null3_199	1	870	29	gene29	833	872	0.0605	1	227.359
null3_199	1	870	30	gene30	872	908	0.0605	1	227.359
null3_200	1	871	29	gene29	833	872	0.233	1	714.844
null3_200	1	871	30	gene30	872	908	0.233	1	714.844
null3_201	1	872	29	gene29	833	872	0.0185	1	72.631
null3_201	1	872	30	gene30	872	908	0.0185	1	72.631
null3_202	1	873	29	gene29	833	872	0.4233	1	976.468
null3_202	1	873	30	gene30	872	908	0.4233	1	976.468
null3_203	1	874	29	gene29	833	872	0.1275	1	444.975
null3_203	1	874	30	gene30	872	908	0.1275	1	444.975
null3_204	1	875	29	gene29	833	872	0.235	1	719.1
null3_204	1	875	30	gene30	872	908	0.235	1	719.1
null3_205	1	876	29	gene29	833	872	0.1987	1	636.873
null3_205	1	876	30	gene30	872	908	0.1987	1	636.873
null3_206	1	877	29	gene29	833	872	0.001	1	3.996
null3_206	1	877	30	gene30	872	908	0.001	1	3.996
null3_207	1	878	30	gene30	872	908	0.3107	1	856.662
null3_208	1	879	30	gene30	872	908	0.09425	1	341.468
null3_209	1	880	30	gene30	872	908	0.13	1	452.4
null3_210	1	881	30	gene30	872	908	0.00625	1	24.8438
null3_211	1	882	30	gene30	872	908	0.2785	1	803.751
null3_212	1	883	30	gene30	872	908	0.3955	1	956.319
null3_213	1	884	30	gene30	872	908	0.2405	1	730.639
null3_214	1	885	30	gene30	872	908	0.4682	1	995.955
null3_215	1	886	30	gene30	872	908	0.09675	1	349.558
null3_216	1	887	30	gene30	872	908	0.4513	1	990.513
null3_217	1	888	30	gene30	872	908	0.132	1	458.304
null3_218	1	889	30	gene30	872	908	0.01175	1	46.4477
null3_219	1	890	30	gene30	872	908	0.029	1	112.636
null3_220	1	891	30	gene30	872	908	0.00875	1	34.6938
null3_221	1	892	30	gene30	872	908	0.4625	1	994.375
null3_222	1	893	30	gene30	872	908	0.1555	1	525.279
null3_223	1	894	30	gene30	872	908	0.2505	1	750.999
null3_224	1	895	30	gene30	872	908	0.003	1	11.964
null3_225	1	896	30	gene30	872	908	0.03225	1	124.84
null3_226	1	897	30	gene30	872	908	0.3145	1	862.359
null3_227	1	898	30	gene30	872	908	0.3705	1	932.919
null3_228	1	899	30	gene30	872	908	0.4442	1	987.545
null3_230	1	901	30	gene30	872	908	0.4682	1	995.955
null3_231	1	902	30	gene30	872	908	0.2677	1	784.147
null3_232	1	903	30	gene30	872	908	0.025	1	97.5
null3_232	1	903	31	gene31	908	948	0.025	1	97.5
null3_233	1	904	30	gene30	872	908	0.3443	1	903.03
null3_233	1	904	31	gene31	908	948	0.3443	1	903.03
null3_234	1	905	30	gene30	872	908	0.04875	1	185.494
null3_234	1	905	31	gene31	908	948	0.04875	1	185.494
null3_235	1	906	30	gene30	872	908	0.2795	1	805.519
null3_235	1	906	31	gene31	908	948	0.2795	1	805.519
null3_236	1	907	30	gene30	872	908	0.0205	1	80.319
null3_236	1	907	31	gene31	908	948	0.0205	1	80.319
null3_237	1	908	30	gene30	872	908	0.2998	1	839.68
null3_237	1	908	31	gene31	908	948	0.2998	1	839.68
null3_238	1	909	30	gene30	872	908	0.4295	1	980.119
null3_238	1	909	31	gene31	908	948	0.4295	1	980.119
null3_239	1	910	30	gene30	872	908	0.4462	1	988.422
null3_239	1	910	31	gene31	908	948	0.4462	1	988.422
null3_240	1	911	30	gene30	872	908	0.3857	1	947.742
null3_240	1	911	31	gene31	908	948	0.3857	1	947.742
null3_241	1	912	30	gene30	872	908	0.1235	1	432.991
null3_241	1	912	31	gene31	908	948	0.1235	1	432.991
null3_242	1	913	30	gene30	872	908	0.4363	1	983.769
null3_242	1	913	31	gene31	908	948	0.4363	1	983.769
null3_243	1	914	31	gene31	908	948	0.2445	1	738.879
null3_244	1	915	31	gene31	908	948	0.121	1	425.436
null3_245	1	916	31	gene31	908	948	0.3522	1	912.621
null3_246	1	917	31	gene31	908	948	0.2378	1	725.005
null3_247	1	918	31	gene31	908	948	0.3435	1	902.031
null3_248	1	919	31	gene31	908	948	0.00025	1	0.99975
null3_249	1	920	31	gene31	908	948	0.0215	1	84.151
null3_250	1	921	31	gene31	908	948	0.2238	1	694.854
null3_251	1	922	31	gene31	908	948	0.2017	1	644.068
null3_252	1	923	31	gene31	908	948	0.4453	1	988.032
null3_253	1	924	31	gene31	908	948	0.4657	1	995.294
null3_254	1	925	31	gene31	908	948	0.2083	1	659.644
null3_255	1	926	31	gene31	908	948	0.495	1	999.9
null3_256	1	927	31	gene31	908	948	0.2122	1	668.685
null3_257	1	928	31	gene31	908	948	0.05575	1	210.568
null3_258	1	929	31	gene31	908	948	0.3565	1	917.631
null3_259	1	930	31	gene31	908	948	0.253	1	755.964
null3_260	1	931	31	gene31	908	948	0.158	1	532.144
null3_261	1	932	31	gene31	908	948	0.2955	1	832.719
null3_262	1	933	31	gene31	908	948	0.0865	1	316.071
null3_263	1	934	31	gene31	908	948	0.075	1	277.5
null3_264	1	935	31	gene31	908	948	0.4185	1	973.431
null3_265	1	936	31	gene31	908	948	0.3643	1	926.342
null3_266	1	937	31	gene31	908	948	0.299	1	838.396
null3_267	1	938	31	gene31	908	948	0.354	1	914.736
null3_268	1	939	31	gene31	908	948	0.4417	1	986.404
null3_269	1	940	31	gene31	908	948	0.057	1	215.004
null3_270	1	941	31	gene31	908	948	0.4782	1	998.099
null3_271	1	942	31	gene31	908	948	0.0585	1	220.311
null3_272	1	943	31	gene31	908	948	0.2835	1	812.511
null3_272	1	943	32	gene32	948	975	0.2835	1	812.511
null3_273	1	944	31	gene31	908	948	0.262	1	773.424
null3_273	1	944	32	gene32	948	975	0.262	1	773.424
null3_274	1	945	31	gene31	908	948	0.3635	1	925.471
null3_274	1	945	32	gene32	948	975	0.3635	1	925.471
null3_275	1	946	31	gene31	908	948	0.04425	1	169.168
null3_275	1	946	32	gene32	948	975	0.04425	1	169.168
null3_276	1	947	31	gene31	908	948	0.31	1	855.6
null3_276	1	947	32	gene32	948	975	0.31	1	855.6
null3_277	1	948	31	gene31	908	948	0.2162	1	677.83
null3_277	1	948	32	gene32	948	975	0.2162	1	677.83
null3_278	1	949	31	gene31	908	948	0.01825	1	71.6677
null3_278	1	949	32	gene32	948	975	0.01825	1	71.6677
null3_279	1	950	31	gene31	908	948	0.1938	1	624.966
null3_279	1	950	32	gene32	948	975	0.1938	1	624.966
null3_280	1	951	31	gene31	908	948	0.1418	1	486.771
null3_280	1	951	32	gene32	948	975	0.1418	1	486.771
null3_281	1	952	31	gene31	908	948	0.468	1	995.904
null3_281	1	952	32	gene32	948	975	0.468	1	995.904
null3_282	1	953	31	gene31	908	948	0.3648	1	926.884
null3_282	1	953	32	gene32	948	975	0.3648	1	926.884
null3_283	1	954	32	gene32	948	975	0.2082	1	659.411
null3_284	1	955	32	gene32	948	975	0.09225	1	334.96
null3_285	1	956	32	gene32	948	975	0.4417	1	986.404
null3_286	1	957	32	gene32	948	975	0.4385	1	984.871
null3_287	1	958	32	gene32	948	975	0.03	1	116.4
null3_288	1	959	32	gene32	948	975	0.007	1	27.804
null3_289	1	960	32	gene32	948	975	0.08975	1	326.78
null3_290	1	961	32	gene32	948	975	0.103	1	369.564
null3_291	1	962	32	gene32	948	975	0.2117	1	667.532
null3_292	1	963	32	gene32	948	975	0.2395	1	728.559
null3_293	1	964	32	gene32	948	975	0.2552	1	760.292
null3_294	1	965	32	gene32	948	975	0.385	1	947.1
null3_295	1	966	32	gene32	948	975	0.466	1	995.376
null3_296	1	967	32	gene32	948	975	0.2973	1	835.651
null3_297	1	968	32	gene32	948	975	0.097	1	350.364
null3_298	1	969	32	gene32	948	975	0.176	1	580.096
null3_299	1	970	32	gene32	948	975	0.351	1	911.196
null3_299	1	970	33	gene33	975	986	0.351	1	911.196
null3_300	1	971	32	gene32	948	975	0.4925	1	999.775
null3_300	1	971	33	gene33	975	986	0.4925	1	999.775
null3_301	1	972	32	gene32	948	975	0.1795	1	589.119
null3_301	1	972	33	gene33	975	986	0.1795	1	589.119
null3_302	1	973	32	gene32	948	975	0.2417	1	733.124
null3_302	1	973	33	gene33	975	986	0.2417	1	733.124
null3_303	1	974	32	gene32	948	975	0.4905	1	999.639
null3_303	1	974	33	gene33	975	986	0.4905	1	999.639
null3_304	1	975	32	gene32	948	975	0.1735	1	573.591
null3_304	1	975	33	gene33	975	986	0.1735	1	573.591
null3_305	1	976	32	gene32	948	975	0.283	1	811.644
null3_305	1	976	33	gene33	975	986	0.283	1	811.644
null3_306	1	977	32	gene32	948	975	0.3475	1	906.975
null3_306	1	977	33	gene33	975	986	0.3475	1	906.975
null3_307	1	978	32	gene32	948	975	0.4457	1	988.206
null3_307	1	978	33	gene33	975	986	0.4457	1	988.206
null3_308	1	979	32	gene32	948	975	0.1605	1	538.959
null3_308	1	979	33	gene33	975	986	0.1605	1	538.959
null3_309	1	980	32	gene32	948	975	0.09775	1	352.78
null3_309	1	980	33	gene33	975	986	0.09775	1	352.78
null3_310	1	981	33	gene33	975	986	0.4577	1	992.843
null3_310	1	981	34	gene34	986	1000	0.4577	1	992.843
null3_311	1	982	33	gene33	975	986	0.268	1	784.704
null3_311	1	982	34	gene34	986	1000	0.268	1	784.704
null3_312	1	983	33	gene33	975	986	0.3245	1	876.799
null3_312	1	983	34	gene34	986	1000	0.3245	1	876.799
null3_313	1	984	33	gene33	975	986	0.246	1	741.936
null3_313	1	984	34	gene34	986	1000	0.246	1	741.936
null3_314	1	985	33	gene33	975	986	0.2615	1	772.471
null3_314	1	985	34	gene34	986	1000	0.2615	1	772.471
null3_315	1	986	33	gene33	975	986	0.2367	1	722.692
null3_315	1	986	34	gene34	986	1000	0.2367	1	722.692
null3_316	1	987	33	gene33	975	986	0.3915	1	952.911
null3_316	1	987	34	gene34	986	1000	0.3915	1	952.911
null3_317	1	988	33	gene33	975	986	0.328	1	881.664
null3_317	1	988	34	gene34	986	1000	0.328	1	881.664
null3_318	1	989	33	gene33	975	986	0.012	1	47.424
null3_318	1	989	34	gene34	986	1000	0.012	1	47.424
null3_319	1	990	33	gene33	975	986	0.4805	1	998.479
null3_319	1	990	34	gene34	986	1000	0.4805	1	998.479
null3_320	1	991	33	gene33	975	986	0.3493	1	909.158
null3_320	1	991	34	gene34	986	1000	0.3493	1	909.158
null3_321	1	992	34	gene34	986	1000	0.1567	1	528.58
null3_322	1	993	34	gene34	986	1000	0.16	1	537.6
null3_323	1	994	34	gene34	986	1000	0.3422	1	900.397
null3_324	1	995	34	gene34	986	1000	0.2587	1	767.097
null3_325	1	996	34	gene34	986	1000	0.4487	1	989.473
null3_326	1	997	34	gene34	986	1000	0.02875	1	111.694
null3_327	1	998	34	gene34	986	1000	0.4457	1	988.206
null3_328	1	999	34	gene34	986	1000	0.1587	1	534.057
null3_329	1	1000	34	gene34	986	1000	0.2948	1	831.572
