SNP.id	Chr	Pos	NonCoded.Allele	Coded.Allele	Beta	Se	Chi2	Log10BF	Coded.Af	Qual	ESampleSize	NGenes	Fmiss	Pval
null2_0	2	1	D	d	-0.0284333	0.0377185	0.568259	-0.295005	0.03375	1	130.444	1	0	0.450951
null2_1	2	2	D	d	-0.00901159	0.0143169	0.396192	-0.703886	0.38625	1	948.244	1	0	0.529062
null2_2	2	3	D	d	-0.0177693	0.017025	1.08936	-0.486857	0.2015	1	643.591	1	0	0.296614
null2_3	2	4	d	D	0.00650618	0.0142654	0.208011	-0.745232	0.635	1	927.1	1	0	0.648331
null2_4	2	5	D	d	-0.0131914	0.0136664	0.931697	-0.609778	0.44025	1	985.72	1	0	0.334422
null2_5	2	6	D	d	-0.00841811	0.0182371	0.213068	-0.641837	0.17275	1	571.63	1	0	0.644373
null2_6	2	7	D	d	-0.0173307	0.0153758	1.27046	-0.48988	0.27875	1	804.194	1	0	0.259681
null2_7	2	8	d	D	-0.0191416	0.0194419	0.96934	-0.45903	0.8535	1	500.151	1	0	0.324845
null2_8	2	9	D	d	-0.00866941	0.0136353	0.40425	-0.722615	0.46175	1	994.148	1	0	0.524903
null2_9	2	10	D	d	0.0106177	0.0146759	0.523419	-0.666645	0.36875	1	931.094	1	0	0.469387
null2_10	2	11	d	D	0.00221139	0.0144057	0.0235649	-0.780149	0.643	1	918.204	1	0	0.877997
null2_11	2	12	D	d	0.0402382	0.0709507	0.321636	-0.156354	0.0095	1	37.639	0	0	0.570626
null2_12	2	13	D	d	0.0378191	0.0351248	1.1593	-0.20873	0.04025	1	154.52	1	0	0.281611
null2_13	2	14	D	d	-0.0320526	0.0195307	2.69335	-0.100812	0.14475	1	495.19	1	0	0.100768
null2_14	2	15	D	d	0.00434344	0.0142756	0.0925718	-0.769369	0.378	1	940.464	1	0	0.760933
null2_15	2	16	d	D	0.002402	0.018991	0.0159975	-0.666069	0.84975	1	510.7	1	0	0.899351
null2_16	2	17	d	D	0.0160287	0.0447824	0.12811	-0.316064	0.9765	1	91.791	1	0	0.7204
null2_17	2	18	d	D	0.0290028	0.0197078	2.16572	-0.206522	0.869	1	455.356	1	0	0.141118
null2_18	2	19	D	d	0.023135	0.0170062	1.85066	-0.328009	0.198	1	635.184	1	0	0.173706
null2_19	2	20	D	d	-0.0255545	0.0135051	3.58046	-0.0530043	0.47825	1	998.108	1	0	0.058463
null2_20	2	21	d	D	-0.00839294	0.0142556	0.346621	-0.716174	0.63675	1	925.198	1	0	0.556032
null2_21	2	22	D	d	0.00515778	0.0187618	0.0755746	-0.658724	0.16425	1	549.088	1	0	0.783387
null2_22	2	23	d	D	0.00713715	0.0188995	0.142611	-0.641787	0.84525	1	523.21	1	0	0.705699
null2_23	2	24	D	d	-0.00491977	0.0168554	0.0851944	-0.701223	0.21225	1	668.8	1	0	0.770378
null2_24	2	25	d	D	0.0163453	0.0141787	1.32898	-0.510472	0.63875	1	922.994	1	0	0.248988
null2_25	2	26	D	d	-0.0219365	0.0164238	1.78398	-0.355613	0.23125	1	711.094	1	0	0.181662
null2_26	2	27	D	d	-0.0028333	0.0139057	0.0415144	-0.791275	0.39975	1	959.8	1	0	0.838548
null2_27	2	28	d	D	0.00502206	0.0137296	0.133797	-0.77709	0.507	1	999.804	1	0	0.714528
null2_28	2	29	D	d	0.041681	0.0190523	4.78608	0.323437	0.1415	1	485.911	1	0	0.0286906
null2_29	2	30	D	d	-0.00742771	0.014644	0.257269	-0.723811	0.3215	1	872.551	1	0	0.612002
null2_30	2	31	D	d	-0.00814056	0.0216814	0.140972	-0.585998	0.11925	1	420.118	2	0	0.707317
null2_31	2	32	d	D	0.0128168	0.0144602	0.785618	-0.617354	0.6435	1	917.631	2	0	0.375428
null2_32	2	33	d	D	0.0835841	0.177121	0.222693	-0.0372395	0.9985	1	5.991	0	0	0.636996
null2_33	2	34	d	D	-0.00382158	0.0267816	0.0203616	-0.525683	0.929	1	263.836	2	0	0.886532
null2_34	2	35	d	D	0.00760742	0.0218154	0.121604	-0.587463	0.884	1	410.176	2	0	0.727301
null2_35	2	36	D	d	0.000512952	0.0138762	0.00136651	-0.800686	0.4875	1	999.375	2	0	0.970512
null2_36	2	37	d	D	0.00717241	0.0232044	0.095541	-0.567832	0.9055	1	342.279	2	0	0.757248
null2_37	2	38	d	D	0.00696422	0.0139147	0.250493	-0.7467	0.57225	1	979.12	2	0	0.616728
null2_38	2	39	D	d	0.00293125	0.0209791	0.0195223	-0.624321	0.12775	1	445.72	2	0	0.888879
null2_39	2	40	D	d	0.0144046	0.0141478	1.03663	-0.573247	0.3505	1	910.599	2	0	0.308605
null2_40	2	41	D	d	-0.00820011	0.0171208	0.2294	-0.664531	0.19325	1	623.618	2	0	0.631969
null2_41	2	42	D	d	-0.0110449	0.0138844	0.632811	-0.666575	0.46175	1	994.148	1	0	0.426326
null2_42	2	43	d	D	0.0225299	0.0143533	2.46384	-0.265512	0.6285	1	933.951	1	0	0.116494
null2_43	2	44	d	D	-0.0203315	0.0138927	2.14174	-0.346639	0.58775	1	969.2	2	0	0.14334
null2_44	2	45	D	d	0.0142369	0.03117	0.208621	-0.430269	0.05225	1	198.08	2	0	0.64785
null2_45	2	46	d	D	0.0296533	0.0138375	4.59233	0.170509	0.502	1	999.984	2	0	0.0321154
null2_46	2	47	d	D	-0.0141844	0.0152118	0.869485	-0.578768	0.7125	1	819.375	2	0	0.351098
null2_47	2	48	D	d	-0.00472705	0.0136664	0.119639	-0.782045	0.49575	1	999.928	2	0	0.729426
null2_48	2	49	d	D	-0.026431	0.0142173	3.45616	-0.0594653	0.5115	1	999.471	2	0	0.0630163
null2_49	2	50	D	d	0.000271569	0.0142787	0.00036173	-0.788802	0.38575	1	947.788	2	0	0.984826
null2_50	2	51	D	d	1.53124e-18	0.0253497	-9.08585e-13	-0.551609	0.079	1	291.036	2	0	1
null2_51	2	52	d	D	-0.00224083	0.0145012	0.0238785	-0.777291	0.678	1	873.264	2	0	0.877194
null2_52	2	53	D	d	-0.00864527	0.0140229	0.380084	-0.715984	0.38025	1	942.64	2	0	0.537558
null2_53	2	54	d	D	0.0690977	0.0474663	2.11912	0.0358032	0.97825	1	85.1078	2	0	0.14547
null2_54	2	55	d	D	0.0137865	0.021688	0.40408	-0.532039	0.8865	1	402.471	1	0	0.52499
null2_55	2	56	D	d	-0.000999792	0.0136985	0.00532691	-0.805306	0.418	1	973.104	1	0	0.941818
null2_56	2	57	D	d	0.036341	0.0197255	3.39419	0.0473992	0.1425	1	488.775	1	0	0.0654265
null2_57	2	58	d	D	9.62144e-18	0.0137186	-9.08585e-13	-0.805813	0.529	1	996.636	1	0	1
null2_58	2	59	d	D	-0.0161683	0.0143389	1.27144	-0.518057	0.61975	1	942.64	1	0	0.259496
null2_59	2	60	D	d	-0.0154211	0.0160361	0.924769	-0.54556	0.24225	1	734.26	1	0	0.336226
null2_60	2	61	d	D	-0.0104165	0.0153922	0.457971	-0.660656	0.73425	1	780.508	1	0	0.498574
null2_61	2	62	d	D	-0.0267923	0.0139616	3.68258	-0.0185576	0.61175	1	950.048	1	0	0.0549838
null2_62	2	63	d	D	0.0157134	0.0141359	1.23565	-0.531462	0.60625	1	954.844	1	0	0.266311
null2_63	2	64	D	d	-0.00363317	0.0134846	0.0725934	-0.797694	0.46675	1	995.578	1	0	0.787597
null2_64	2	65	D	d	-0.00245872	0.0303799	0.00655005	-0.47907	0.0555	1	209.679	1	0	0.935496
null2_65	2	66	D	d	-0.0165769	0.014163	1.36992	-0.502258	0.4045	1	963.519	1	0	0.241825
null2_66	2	67	D	d	0.00173189	0.0254972	0.00461376	-0.548366	0.0785	1	289.351	1	0	0.945846
null2_67	2	68	d	D	0.0110367	0.0142138	0.602921	-0.663141	0.64675	1	913.858	1	0	0.437466
null2_68	2	69	d	D	-0.00321016	0.0163639	0.0384841	-0.723391	0.77525	1	696.95	1	0	0.844474
null2_69	2	70	d	D	0.0213947	0.0140737	2.31099	-0.30564	0.62575	1	936.748	2	0	0.128462
null2_70	2	71	d	D	-0.00333099	0.0144357	0.053244	-0.772989	0.661	1	896.316	2	0	0.817512
null2_71	2	72	D	d	0.0251618	0.0209521	1.44221	-0.33267	0.11925	1	420.118	2	0	0.229783
null2_72	2	73	D	d	0.01457	0.015946	0.834858	-0.566758	0.24525	1	740.41	2	0	0.360872
null2_73	2	74	D	d	0.0304195	0.0419078	0.526882	-0.268259	0.02775	1	107.92	2	0	0.467921
null2_74	2	75	D	d	0.0329102	0.0222172	2.19422	-0.15743	0.1085	1	386.911	2	0	0.138529
null2_75	2	76	d	D	0.0236608	0.0192299	1.51392	-0.350565	0.848	1	515.584	2	0	0.218541
null2_76	2	77	D	d	0.000324878	0.0156174	0.000432738	-0.750991	0.25775	1	765.26	2	0	0.983403
null2_77	2	78	D	d	0.0186005	0.0189179	0.966726	-0.470372	0.15525	1	524.59	2	0	0.325498
null2_78	2	79	d	D	-0.00560024	0.0157258	0.12682	-0.721473	0.73825	1	772.948	2	0	0.721752
null2_79	2	80	d	D	-0.102407	0.0391458	6.84367	0.847441	0.9685	1	122.031	2	0	0.00889561
null2_80	2	81	d	D	-0.000253349	0.0137914	0.000337462	-0.803501	0.55725	1	986.89	1	0	0.985344
null2_81	2	82	D	d	-0.00972624	0.0348848	0.0777351	-0.413186	0.0415	1	159.111	1	0	0.78039
null2_82	2	83	D	d	-0.0118401	0.0137498	0.741515	-0.647585	0.42875	1	979.694	1	0	0.389176
null2_83	2	84	d	D	-0.00810341	0.0140076	0.334662	-0.726066	0.50875	1	999.694	1	0	0.562927
null2_84	2	85	d	D	-0.0204745	0.0506128	0.163645	-0.270703	0.9815	1	72.631	1	0	0.685822
null2_85	2	86	D	d	-0.0192411	0.0183235	1.10266	-0.454776	0.17475	1	576.85	1	0	0.293683
null2_86	2	87	D	d	0.0106392	0.0134713	0.623737	-0.681104	0.431	1	980.956	1	0	0.429662
null2_87	2	88	D	d	-0.00904188	0.0139251	0.421621	-0.710115	0.47975	1	998.36	1	0	0.516129
null2_88	2	89	d	D	-0.0126836	0.0136612	0.861994	-0.624718	0.55675	1	987.118	1	0	0.353181
null2_89	2	90	d	D	-0.00572496	0.0146589	0.152525	-0.745528	0.677	1	874.684	1	0	0.696134
null2_90	2	91	d	D	-0.0158554	0.0141996	1.24683	-0.527257	0.61975	1	942.64	1	0	0.26416
null2_91	2	92	d	D	0.0147974	0.0147552	1.00572	-0.562514	0.64025	1	921.32	1	0	0.31593
null2_92	2	93	D	d	0.000514133	0.0196465	0.000684825	-0.655207	0.14175	1	486.628	1	0	0.979122
null2_93	2	94	d	D	-0.00395214	0.0151072	0.0684376	-0.750622	0.71525	1	814.67	1	0	0.793625
null2_94	2	95	D	d	-0.00835608	0.0144595	0.333965	-0.712906	0.3325	1	887.775	1	0	0.563334
null2_95	2	96	D	d	0.0196349	0.0233617	0.706399	-0.441301	0.09825	1	354.388	1	0	0.400642
null2_96	2	97	D	d	-0.00348068	0.0136618	0.0649099	-0.793798	0.4175	1	972.775	1	0	0.798898
null2_97	2	98	D	d	-0.0111031	0.0137617	0.650944	-0.666429	0.381	1	943.356	1	0	0.419775
null2_98	2	99	D	d	0.00311915	0.0139692	0.0498578	-0.787582	0.395	1	955.9	2	0	0.823311
null2_99	2	100	D	d	0.012922	0.0155707	0.688723	-0.607275	0.254	1	757.936	2	0	0.406599
null2_100	2	101	D	d	-0.0159353	0.0151637	1.10435	-0.530533	0.295	1	831.9	2	0	0.293313
null2_101	2	102	D	d	-0.0545411	0.0522331	1.09033	-0.113286	0.01675	1	65.8777	2	0	0.296399
null2_102	2	103	d	D	0.0115771	0.0173101	0.447301	-0.614415	0.80675	1	623.618	2	0	0.50362
null2_103	2	104	d	D	0.00424538	0.0141136	0.0904817	-0.774629	0.585	1	971.1	2	0	0.763566
null2_104	2	105	d	D	-0.0247636	0.0198809	1.5515	-0.330061	0.86375	1	470.744	2	0	0.212914
null2_105	2	106	d	D	-0.0170747	0.0144913	1.38832	-0.489034	0.69425	1	849.068	2	0	0.23869
null2_106	2	107	D	d	0.0129952	0.0136943	0.900506	-0.615548	0.448	1	989.184	2	0	0.342646
null2_107	2	108	d	D	0.00125631	0.0137344	0.00836708	-0.803551	0.50175	1	999.988	2	0	0.927118
null2_108	2	109	D	d	-0.0117245	0.0148319	0.624879	-0.640818	0.306	1	849.456	2	0	0.42924
null2_109	2	110	d	D	0.0180962	0.0323248	0.313403	-0.396685	0.95075	1	187.298	1	0	0.575599
null2_110	2	111	D	d	-0.00858629	0.0137679	0.388932	-0.721803	0.4475	1	988.975	1	0	0.532861
null2_111	2	112	D	d	-0.00512662	0.0142322	0.129753	-0.762781	0.35575	1	916.768	1	0	0.718688
null2_112	2	113	d	D	-0.0822058	0.0602244	1.8632	0.0293928	0.98725	1	50.3498	1	0	0.172255
null2_113	2	114	D	d	0.000271122	0.0142669	0.000361134	-0.78915	0.36175	1	923.548	1	0	0.984838
null2_114	2	115	d	D	0.00662709	0.0182116	0.132418	-0.659208	0.83525	1	550.43	1	0	0.715938
null2_115	2	116	D	d	0.00677551	0.0159472	0.180516	-0.704328	0.234	1	716.976	1	0	0.67093
null2_116	2	117	d	D	0.000253941	0.0138075	0.00033825	-0.803007	0.51775	1	998.74	1	0	0.985326
null2_117	2	118	D	d	0.0196636	0.029465	0.445362	-0.405402	0.05575	1	210.568	1	0	0.504546
null2_118	2	119	d	D	-0.0236816	0.014204	2.77972	-0.202843	0.624	1	938.496	1	0	0.0954647
null2_119	2	120	D	d	-0.00265741	0.0148886	0.0318576	-0.764484	0.30625	1	849.844	1	0	0.858341
null2_120	2	121	D	d	0.00103307	0.0139246	0.00550419	-0.798337	0.499	1	999.996	1	0	0.940859
null2_121	2	122	d	D	0.0246259	0.0266603	0.853208	-0.362069	0.9275	1	268.975	1	0	0.355647
null2_122	2	123	D	d	-0.000688935	0.0160813	0.00183532	-0.738394	0.2445	1	738.879	1	0	0.965829
null2_123	2	124	D	d	-0.0148294	0.0235913	0.395133	-0.500534	0.098	1	353.584	1	0	0.529613
null2_124	2	125	d	D	-0.0104718	0.0149855	0.488313	-0.66538	0.69475	1	848.29	1	0	0.484681
null2_125	2	126	d	D	-0.00593529	0.014566	0.166036	-0.745344	0.66525	1	890.77	1	0	0.683659
null2_126	2	127	D	d	-0.0120004	0.0182649	0.431677	-0.595698	0.16975	1	563.74	1	0	0.511167
null2_127	2	128	D	d	0.00295693	0.0142058	0.0433258	-0.781865	0.36725	1	929.51	1	0	0.835113
null2_128	2	129	d	D	-0.00379188	0.0137759	0.0757646	-0.787977	0.57075	1	979.978	1	0	0.783121
null2_129	2	130	d	D	-0.00258539	0.0166517	0.0241065	-0.719108	0.76975	1	708.94	1	0	0.876614
null2_130	2	131	d	D	0.0178438	0.0136345	1.71276	-0.445107	0.534	1	995.376	1	0	0.190627
null2_131	2	132	d	D	-0.00791515	0.0140729	0.316339	-0.727998	0.5925	1	965.775	1	0	0.573816
null2_132	2	133	d	D	0.00271246	0.013606	0.0397438	-0.800873	0.59025	1	967.42	1	0	0.841982
null2_133	2	134	d	D	-0.00332156	0.0138497	0.0575178	-0.789588	0.50825	1	999.728	1	0	0.810463
null2_134	2	135	D	d	-0.0743421	0.0515264	2.08166	0.042655	0.01725	1	67.8097	1	0	0.149078
null2_135	2	136	D	d	-0.0353357	0.0201867	3.06405	-0.012677	0.13925	1	479.438	2	0	0.0800418
null2_136	2	137	d	D	0.0244393	0.0270853	0.814161	-0.364004	0.93175	1	254.368	2	0	0.366893
null2_137	2	138	d	D	-0.00838418	0.0144838	0.335088	-0.711966	0.6385	1	923.271	2	0	0.562678
null2_138	2	139	d	D	-0.0256158	0.0310036	0.682638	-0.340921	0.949	1	193.596	2	0	0.40868
null2_139	2	140	d	D	-0.0163227	0.0163176	1.00062	-0.522563	0.7635	1	722.271	2	0	0.31716
null2_140	2	141	d	D	0.0118498	0.0139042	0.726327	-0.646162	0.5905	1	967.239	2	0	0.394076
null2_141	2	142	d	D	0.00403862	0.0142171	0.0806948	-0.773618	0.64425	1	916.768	2	0	0.776358
null2_142	2	143	d	D	-0.00312453	0.0242163	0.0166476	-0.566613	0.912	1	321.024	2	0	0.897337
null2_143	2	144	d	D	-0.0248879	0.0352893	0.497384	-0.33067	0.96075	1	150.838	2	0	0.480652
null2_144	2	145	d	D	0.0107693	0.0271099	0.157804	-0.493644	0.93325	1	249.178	2	0	0.691186
null2_145	2	146	d	D	0.0274806	0.0138076	3.96108	0.036128	0.544	1	992.256	2	0	0.0465637
null2_146	2	147	d	D	0.0268162	0.0138339	3.75756	-0.00621828	0.60375	1	956.944	1	0	0.0525692
null2_147	2	148	D	d	0.0032947	0.0497342	0.00438855	-0.302214	0.01975	1	77.4397	1	0	0.947182
null2_148	2	149	d	D	0.100129	0.0645848	2.40358	0.112035	0.9885	1	45.471	1	0	0.121058
null2_149	2	150	D	d	-0.0284333	0.0377185	0.568259	-0.295005	0.03375	1	130.444	1	0	0.450951
null2_150	2	151	d	D	-0.0707968	0.0395063	3.2114	0.195392	0.9685	1	122.031	1	0	0.073127
null2_151	2	152	d	D	-0.00226217	0.0137368	0.0271193	-0.799499	0.51725	1	998.81	1	0	0.869196
null2_152	2	153	D	d	0.0202961	0.017279	1.37971	-0.420235	0.20025	1	640.6	1	0	0.240151
null2_153	2	154	d	D	-0.0442931	0.0303762	2.1262	-0.0688948	0.949	1	193.596	1	0	0.144799
null2_154	2	155	D	d	0.0254197	0.0138027	3.39166	-0.0845396	0.492	1	999.744	1	0	0.0655271
null2_155	2	156	d	D	0.00390625	0.0139821	0.07805	-0.781214	0.56225	1	984.5	1	0	0.779958
null2_156	2	157	D	d	-0.00203849	0.0159707	0.0162918	-0.738251	0.2545	1	758.919	1	0	0.898435
null2_157	2	158	D	d	-0.0200212	0.0143423	1.94868	-0.374732	0.39425	1	955.268	1	0	0.16273
null2_158	2	159	d	D	-0.0295911	0.0563312	0.275945	-0.221375	0.98475	1	60.0697	1	0	0.599371
null2_159	2	160	d	D	0.0147878	0.0150486	0.965634	-0.562908	0.70875	1	825.694	1	0	0.325771
null2_160	2	161	D	d	-0.0222793	0.0157923	1.99027	-0.327713	0.25475	1	759.41	1	0	0.158312
null2_161	2	162	d	D	-0.00228019	0.0238876	0.00911169	-0.573642	0.90775	1	334.96	1	0	0.923953
null2_162	2	163	D	d	0.0162168	0.0142401	1.29689	-0.515497	0.377	1	939.484	1	0	0.254783
null2_163	2	164	D	d	-0.0114892	0.0143284	0.642958	-0.651327	0.3715	1	933.951	1	0	0.422642
null2_164	2	165	D	d	0.00993668	0.0169373	0.344186	-0.644957	0.2115	1	667.071	1	0	0.557423
null2_165	2	166	D	d	0.0185329	0.0136141	1.85315	-0.41595	0.45925	1	993.358	1	0	0.173417
null2_166	2	167	D	d	-0.0321525	0.0197183	2.65881	-0.104512	0.1405	1	483.039	1	0	0.102978
null2_167	2	168	D	d	-0.00153175	0.0151655	0.0102015	-0.761292	0.27725	1	801.53	1	0	0.919548
null2_168	2	169	D	d	-0.158082	0.0674693	5.48972	0.52949	0.0105	1	41.559	1	0	0.0191286
null2_169	2	170	D	d	-0.00537569	0.024011	0.0501242	-0.56328	0.08475	1	310.27	1	0	0.822847
null2_170	2	171	D	d	-0.0162287	0.013582	1.42772	-0.507129	0.4395	1	985.359	1	0	0.232138
null2_171	2	172	D	d	0.00915378	0.0138149	0.439039	-0.709749	0.46	1	993.6	1	0	0.507587
null2_172	2	173	d	D	-0.00416653	0.0139819	0.088801	-0.778943	0.614	1	948.016	1	0	0.765707
null2_173	2	174	d	D	-0.00743097	0.0186721	0.158381	-0.643498	0.842	1	532.144	1	0	0.690651
null2_174	2	175	d	D	0.0124824	0.0179741	0.482288	-0.591706	0.82175	1	585.908	1	0	0.487388
