SNP.id	Chr	Pos	NonCoded.Allele	Coded.Allele	Beta	Se	Chi2	Log10BF	Coded.Af	Qual	ESampleSize	NGenes	Fmiss	Pval
null1_0	1	1	D	d	-0.0284333	0.0377185	0.568259	-0.295005	0.03375	1	130.444	1	0	0.450951
null1_1	1	2	D	d	-0.00901159	0.0143169	0.396192	-0.703886	0.38625	1	948.244	1	0	0.529062
null1_2	1	3	D	d	-0.0177693	0.017025	1.08936	-0.486857	0.2015	1	643.591	1	0	0.296614
null1_3	1	4	d	D	0.00650618	0.0142654	0.208011	-0.745232	0.635	1	927.1	1	0	0.648331
null1_4	1	5	D	d	-0.0131914	0.0136664	0.931697	-0.609778	0.44025	1	985.72	1	0	0.334422
null1_5	1	6	D	d	-0.00841811	0.0182371	0.213068	-0.641837	0.17275	1	571.63	1	0	0.644373
null1_6	1	7	D	d	-0.0173307	0.0153758	1.27046	-0.48988	0.27875	1	804.194	1	0	0.259681
null1_7	1	8	d	D	-0.0191416	0.0194419	0.96934	-0.45903	0.8535	1	500.151	1	0	0.324845
null1_8	1	9	D	d	-0.00866941	0.0136353	0.40425	-0.722615	0.46175	1	994.148	1	0	0.524903
null1_9	1	10	D	d	0.0106177	0.0146759	0.523419	-0.666645	0.36875	1	931.094	1	0	0.469387
null1_10	1	11	d	D	0.00221139	0.0144057	0.0235649	-0.780149	0.643	1	918.204	1	0	0.877997
null1_11	1	12	D	d	0.0402382	0.0709507	0.321636	-0.156354	0.0095	1	37.639	0	0	0.570626
null1_12	1	13	D	d	0.0378191	0.0351248	1.1593	-0.20873	0.04025	1	154.52	1	0	0.281611
null1_13	1	14	D	d	-0.0320526	0.0195307	2.69335	-0.100812	0.14475	1	495.19	1	0	0.100768
null1_14	1	15	D	d	0.00434344	0.0142756	0.0925718	-0.769369	0.378	1	940.464	1	0	0.760933
null1_15	1	16	d	D	0.002402	0.018991	0.0159975	-0.666069	0.84975	1	510.7	1	0	0.899351
null1_16	1	17	d	D	0.0160287	0.0447824	0.12811	-0.316064	0.9765	1	91.791	1	0	0.7204
null1_17	1	18	d	D	0.0290028	0.0197078	2.16572	-0.206522	0.869	1	455.356	1	0	0.141118
null1_18	1	19	D	d	0.023135	0.0170062	1.85066	-0.328009	0.198	1	635.184	1	0	0.173706
null1_19	1	20	D	d	-0.0255545	0.0135051	3.58046	-0.0530043	0.47825	1	998.108	1	0	0.058463
null1_20	1	21	d	D	-0.00839294	0.0142556	0.346621	-0.716174	0.63675	1	925.198	1	0	0.556032
null1_21	1	22	D	d	0.00515778	0.0187618	0.0755746	-0.658724	0.16425	1	549.088	1	0	0.783387
null1_22	1	23	d	D	0.00713715	0.0188995	0.142611	-0.641787	0.84525	1	523.21	1	0	0.705699
null1_23	1	24	D	d	-0.00491977	0.0168554	0.0851944	-0.701223	0.21225	1	668.8	1	0	0.770378
null1_24	1	25	d	D	0.0163453	0.0141787	1.32898	-0.510472	0.63875	1	922.994	1	0	0.248988
null1_25	1	26	D	d	-0.0219365	0.0164238	1.78398	-0.355613	0.23125	1	711.094	1	0	0.181662
null1_26	1	27	D	d	-0.0028333	0.0139057	0.0415144	-0.791275	0.39975	1	959.8	1	0	0.838548
null1_27	1	28	d	D	0.00502206	0.0137296	0.133797	-0.77709	0.507	1	999.804	1	0	0.714528
null1_28	1	29	D	d	0.041681	0.0190523	4.78608	0.323437	0.1415	1	485.911	1	0	0.0286906
null1_29	1	30	D	d	-0.00742771	0.014644	0.257269	-0.723811	0.3215	1	872.551	1	0	0.612002
null1_30	1	31	D	d	-0.00814056	0.0216814	0.140972	-0.585998	0.11925	1	420.118	2	0	0.707317
null1_31	1	32	d	D	0.0128168	0.0144602	0.785618	-0.617354	0.6435	1	917.631	2	0	0.375428
null1_32	1	33	d	D	0.0835841	0.177121	0.222693	-0.0372395	0.9985	1	5.991	0	0	0.636996
null1_33	1	34	d	D	-0.00382158	0.0267816	0.0203616	-0.525683	0.929	1	263.836	2	0	0.886532
null1_34	1	35	d	D	0.00760742	0.0218154	0.121604	-0.587463	0.884	1	410.176	2	0	0.727301
null1_35	1	36	D	d	0.000512952	0.0138762	0.00136651	-0.800686	0.4875	1	999.375	2	0	0.970512
null1_36	1	37	d	D	0.00717241	0.0232044	0.095541	-0.567832	0.9055	1	342.279	2	0	0.757248
null1_37	1	38	d	D	0.00696422	0.0139147	0.250493	-0.7467	0.57225	1	979.12	2	0	0.616728
null1_38	1	39	D	d	0.00293125	0.0209791	0.0195223	-0.624321	0.12775	1	445.72	2	0	0.888879
null1_39	1	40	D	d	0.0144046	0.0141478	1.03663	-0.573247	0.3505	1	910.599	2	0	0.308605
null1_40	1	41	D	d	-0.00820011	0.0171208	0.2294	-0.664531	0.19325	1	623.618	2	0	0.631969
null1_41	1	42	D	d	-0.0110449	0.0138844	0.632811	-0.666575	0.46175	1	994.148	1	0	0.426326
null1_42	1	43	d	D	0.0225299	0.0143533	2.46384	-0.265512	0.6285	1	933.951	1	0	0.116494
null1_43	1	44	d	D	-0.0203315	0.0138927	2.14174	-0.346639	0.58775	1	969.2	2	0	0.14334
null1_44	1	45	D	d	0.0142369	0.03117	0.208621	-0.430269	0.05225	1	198.08	2	0	0.64785
null1_45	1	46	d	D	0.0296533	0.0138375	4.59233	0.170509	0.502	1	999.984	2	0	0.0321154
null1_46	1	47	d	D	-0.0141844	0.0152118	0.869485	-0.578768	0.7125	1	819.375	2	0	0.351098
null1_47	1	48	D	d	-0.00472705	0.0136664	0.119639	-0.782045	0.49575	1	999.928	2	0	0.729426
null1_48	1	49	d	D	-0.026431	0.0142173	3.45616	-0.0594653	0.5115	1	999.471	2	0	0.0630163
null1_49	1	50	D	d	0.000271569	0.0142787	0.00036173	-0.788802	0.38575	1	947.788	2	0	0.984826
null1_50	1	51	D	d	1.53124e-18	0.0253497	-9.08585e-13	-0.551609	0.079	1	291.036	2	0	1
null1_51	1	52	d	D	-0.00224083	0.0145012	0.0238785	-0.777291	0.678	1	873.264	2	0	0.877194
null1_52	1	53	D	d	-0.00864527	0.0140229	0.380084	-0.715984	0.38025	1	942.64	2	0	0.537558
null1_53	1	54	d	D	0.0690977	0.0474663	2.11912	0.0358032	0.97825	1	85.1078	2	0	0.14547
null1_54	1	55	d	D	0.0137865	0.021688	0.40408	-0.532039	0.8865	1	402.471	1	0	0.52499
null1_55	1	56	D	d	-0.000999792	0.0136985	0.00532691	-0.805306	0.418	1	973.104	1	0	0.941818
null1_56	1	57	D	d	0.036341	0.0197255	3.39419	0.0473992	0.1425	1	488.775	1	0	0.0654265
null1_57	1	58	d	D	9.62144e-18	0.0137186	-9.08585e-13	-0.805813	0.529	1	996.636	1	0	1
null1_58	1	59	d	D	-0.0161683	0.0143389	1.27144	-0.518057	0.61975	1	942.64	1	0	0.259496
null1_59	1	60	D	d	-0.0154211	0.0160361	0.924769	-0.54556	0.24225	1	734.26	1	0	0.336226
null1_60	1	61	d	D	-0.0104165	0.0153922	0.457971	-0.660656	0.73425	1	780.508	1	0	0.498574
null1_61	1	62	d	D	-0.0267923	0.0139616	3.68258	-0.0185576	0.61175	1	950.048	1	0	0.0549838
null1_62	1	63	d	D	0.0157134	0.0141359	1.23565	-0.531462	0.60625	1	954.844	1	0	0.266311
null1_63	1	64	D	d	-0.00363317	0.0134846	0.0725934	-0.797694	0.46675	1	995.578	1	0	0.787597
null1_64	1	65	D	d	-0.00245872	0.0303799	0.00655005	-0.47907	0.0555	1	209.679	1	0	0.935496
null1_65	1	66	D	d	-0.0165769	0.014163	1.36992	-0.502258	0.4045	1	963.519	1	0	0.241825
null1_66	1	67	D	d	0.00173189	0.0254972	0.00461376	-0.548366	0.0785	1	289.351	1	0	0.945846
null1_67	1	68	d	D	0.0110367	0.0142138	0.602921	-0.663141	0.64675	1	913.858	1	0	0.437466
null1_68	1	69	d	D	-0.00321016	0.0163639	0.0384841	-0.723391	0.77525	1	696.95	1	0	0.844474
null1_69	1	70	d	D	0.0213947	0.0140737	2.31099	-0.30564	0.62575	1	936.748	2	0	0.128462
null1_70	1	71	d	D	-0.00333099	0.0144357	0.053244	-0.772989	0.661	1	896.316	2	0	0.817512
null1_71	1	72	D	d	0.0251618	0.0209521	1.44221	-0.33267	0.11925	1	420.118	2	0	0.229783
null1_72	1	73	D	d	0.01457	0.015946	0.834858	-0.566758	0.24525	1	740.41	2	0	0.360872
null1_73	1	74	D	d	0.0304195	0.0419078	0.526882	-0.268259	0.02775	1	107.92	2	0	0.467921
null1_74	1	75	D	d	0.0329102	0.0222172	2.19422	-0.15743	0.1085	1	386.911	2	0	0.138529
null1_75	1	76	d	D	0.0236608	0.0192299	1.51392	-0.350565	0.848	1	515.584	2	0	0.218541
null1_76	1	77	D	d	0.000324878	0.0156174	0.000432738	-0.750991	0.25775	1	765.26	2	0	0.983403
null1_77	1	78	D	d	0.0186005	0.0189179	0.966726	-0.470372	0.15525	1	524.59	2	0	0.325498
null1_78	1	79	d	D	-0.00560024	0.0157258	0.12682	-0.721473	0.73825	1	772.948	2	0	0.721752
null1_79	1	80	d	D	-0.102407	0.0391458	6.84367	0.847441	0.9685	1	122.031	2	0	0.00889561
null1_80	1	81	d	D	-0.000253349	0.0137914	0.000337462	-0.803501	0.55725	1	986.89	1	0	0.985344
null1_81	1	82	D	d	-0.00972624	0.0348848	0.0777351	-0.413186	0.0415	1	159.111	1	0	0.78039
null1_82	1	83	D	d	-0.0118401	0.0137498	0.741515	-0.647585	0.42875	1	979.694	1	0	0.389176
null1_83	1	84	d	D	-0.00810341	0.0140076	0.334662	-0.726066	0.50875	1	999.694	1	0	0.562927
null1_84	1	85	d	D	-0.0204745	0.0506128	0.163645	-0.270703	0.9815	1	72.631	1	0	0.685822
null1_85	1	86	D	d	-0.0192411	0.0183235	1.10266	-0.454776	0.17475	1	576.85	1	0	0.293683
null1_86	1	87	D	d	0.0106392	0.0134713	0.623737	-0.681104	0.431	1	980.956	1	0	0.429662
null1_87	1	88	D	d	-0.00904188	0.0139251	0.421621	-0.710115	0.47975	1	998.36	1	0	0.516129
null1_88	1	89	d	D	-0.0126836	0.0136612	0.861994	-0.624718	0.55675	1	987.118	1	0	0.353181
null1_89	1	90	d	D	-0.00572496	0.0146589	0.152525	-0.745528	0.677	1	874.684	1	0	0.696134
null1_90	1	91	d	D	-0.0158554	0.0141996	1.24683	-0.527257	0.61975	1	942.64	1	0	0.26416
null1_91	1	92	d	D	0.0147974	0.0147552	1.00572	-0.562514	0.64025	1	921.32	1	0	0.31593
null1_92	1	93	D	d	0.000514133	0.0196465	0.000684825	-0.655207	0.14175	1	486.628	1	0	0.979122
null1_93	1	94	d	D	-0.00395214	0.0151072	0.0684376	-0.750622	0.71525	1	814.67	1	0	0.793625
null1_94	1	95	D	d	-0.00835608	0.0144595	0.333965	-0.712906	0.3325	1	887.775	1	0	0.563334
null1_95	1	96	D	d	0.0196349	0.0233617	0.706399	-0.441301	0.09825	1	354.388	1	0	0.400642
null1_96	1	97	D	d	-0.00348068	0.0136618	0.0649099	-0.793798	0.4175	1	972.775	1	0	0.798898
null1_97	1	98	D	d	-0.0111031	0.0137617	0.650944	-0.666429	0.381	1	943.356	1	0	0.419775
null1_98	1	99	D	d	0.00311915	0.0139692	0.0498578	-0.787582	0.395	1	955.9	2	0	0.823311
null1_99	1	100	D	d	0.012922	0.0155707	0.688723	-0.607275	0.254	1	757.936	2	0	0.406599
null1_100	1	101	D	d	-0.0159353	0.0151637	1.10435	-0.530533	0.295	1	831.9	2	0	0.293313
null1_101	1	102	D	d	-0.0545411	0.0522331	1.09033	-0.113286	0.01675	1	65.8777	2	0	0.296399
null1_102	1	103	d	D	0.0115771	0.0173101	0.447301	-0.614415	0.80675	1	623.618	2	0	0.50362
null1_103	1	104	d	D	0.00424538	0.0141136	0.0904817	-0.774629	0.585	1	971.1	2	0	0.763566
null1_104	1	105	d	D	-0.0247636	0.0198809	1.5515	-0.330061	0.86375	1	470.744	2	0	0.212914
null1_105	1	106	d	D	-0.0170747	0.0144913	1.38832	-0.489034	0.69425	1	849.068	2	0	0.23869
null1_106	1	107	D	d	0.0129952	0.0136943	0.900506	-0.615548	0.448	1	989.184	2	0	0.342646
null1_107	1	108	d	D	0.00125631	0.0137344	0.00836708	-0.803551	0.50175	1	999.988	2	0	0.927118
null1_108	1	109	D	d	-0.0117245	0.0148319	0.624879	-0.640818	0.306	1	849.456	2	0	0.42924
null1_109	1	110	d	D	0.0180962	0.0323248	0.313403	-0.396685	0.95075	1	187.298	1	0	0.575599
null1_110	1	111	D	d	-0.00858629	0.0137679	0.388932	-0.721803	0.4475	1	988.975	1	0	0.532861
null1_111	1	112	D	d	-0.00512662	0.0142322	0.129753	-0.762781	0.35575	1	916.768	1	0	0.718688
null1_112	1	113	d	D	-0.0822058	0.0602244	1.8632	0.0293928	0.98725	1	50.3498	1	0	0.172255
null1_113	1	114	D	d	0.000271122	0.0142669	0.000361134	-0.78915	0.36175	1	923.548	1	0	0.984838
null1_114	1	115	d	D	0.00662709	0.0182116	0.132418	-0.659208	0.83525	1	550.43	1	0	0.715938
null1_115	1	116	D	d	0.00677551	0.0159472	0.180516	-0.704328	0.234	1	716.976	1	0	0.67093
null1_116	1	117	d	D	0.000253941	0.0138075	0.00033825	-0.803007	0.51775	1	998.74	1	0	0.985326
null1_117	1	118	D	d	0.0196636	0.029465	0.445362	-0.405402	0.05575	1	210.568	1	0	0.504546
null1_118	1	119	d	D	-0.0236816	0.014204	2.77972	-0.202843	0.624	1	938.496	1	0	0.0954647
null1_119	1	120	D	d	-0.00265741	0.0148886	0.0318576	-0.764484	0.30625	1	849.844	1	0	0.858341
null1_120	1	121	D	d	0.00103307	0.0139246	0.00550419	-0.798337	0.499	1	999.996	1	0	0.940859
null1_121	1	122	d	D	0.0246259	0.0266603	0.853208	-0.362069	0.9275	1	268.975	1	0	0.355647
null1_122	1	123	D	d	-0.000688935	0.0160813	0.00183532	-0.738394	0.2445	1	738.879	1	0	0.965829
null1_123	1	124	D	d	-0.0148294	0.0235913	0.395133	-0.500534	0.098	1	353.584	1	0	0.529613
null1_124	1	125	d	D	-0.0104718	0.0149855	0.488313	-0.66538	0.69475	1	848.29	1	0	0.484681
null1_125	1	126	d	D	-0.00593529	0.014566	0.166036	-0.745344	0.66525	1	890.77	1	0	0.683659
null1_126	1	127	D	d	-0.0120004	0.0182649	0.431677	-0.595698	0.16975	1	563.74	1	0	0.511167
null1_127	1	128	D	d	0.00295693	0.0142058	0.0433258	-0.781865	0.36725	1	929.51	1	0	0.835113
null1_128	1	129	d	D	-0.00379188	0.0137759	0.0757646	-0.787977	0.57075	1	979.978	1	0	0.783121
null1_129	1	130	d	D	-0.00258539	0.0166517	0.0241065	-0.719108	0.76975	1	708.94	1	0	0.876614
null1_130	1	131	d	D	0.0178438	0.0136345	1.71276	-0.445107	0.534	1	995.376	1	0	0.190627
null1_131	1	132	d	D	-0.00791515	0.0140729	0.316339	-0.727998	0.5925	1	965.775	1	0	0.573816
null1_132	1	133	d	D	0.00271246	0.013606	0.0397438	-0.800873	0.59025	1	967.42	1	0	0.841982
null1_133	1	134	d	D	-0.00332156	0.0138497	0.0575178	-0.789588	0.50825	1	999.728	1	0	0.810463
null1_134	1	135	D	d	-0.0743421	0.0515264	2.08166	0.042655	0.01725	1	67.8097	1	0	0.149078
null1_135	1	136	D	d	-0.0353357	0.0201867	3.06405	-0.012677	0.13925	1	479.438	2	0	0.0800418
null1_136	1	137	d	D	0.0244393	0.0270853	0.814161	-0.364004	0.93175	1	254.368	2	0	0.366893
null1_137	1	138	d	D	-0.00838418	0.0144838	0.335088	-0.711966	0.6385	1	923.271	2	0	0.562678
null1_138	1	139	d	D	-0.0256158	0.0310036	0.682638	-0.340921	0.949	1	193.596	2	0	0.40868
null1_139	1	140	d	D	-0.0163227	0.0163176	1.00062	-0.522563	0.7635	1	722.271	2	0	0.31716
null1_140	1	141	d	D	0.0118498	0.0139042	0.726327	-0.646162	0.5905	1	967.239	2	0	0.394076
null1_141	1	142	d	D	0.00403862	0.0142171	0.0806948	-0.773618	0.64425	1	916.768	2	0	0.776358
null1_142	1	143	d	D	-0.00312453	0.0242163	0.0166476	-0.566613	0.912	1	321.024	2	0	0.897337
null1_143	1	144	d	D	-0.0248879	0.0352893	0.497384	-0.33067	0.96075	1	150.838	2	0	0.480652
null1_144	1	145	d	D	0.0107693	0.0271099	0.157804	-0.493644	0.93325	1	249.178	2	0	0.691186
null1_145	1	146	d	D	0.0274806	0.0138076	3.96108	0.036128	0.544	1	992.256	2	0	0.0465637
null1_146	1	147	d	D	0.0268162	0.0138339	3.75756	-0.00621828	0.60375	1	956.944	1	0	0.0525692
null1_147	1	148	D	d	0.0032947	0.0497342	0.00438855	-0.302214	0.01975	1	77.4397	1	0	0.947182
null1_148	1	149	d	D	0.100129	0.0645848	2.40358	0.112035	0.9885	1	45.471	1	0	0.121058
null1_149	1	150	D	d	-0.0284333	0.0377185	0.568259	-0.295005	0.03375	1	130.444	1	0	0.450951
null1_150	1	151	d	D	-0.0707968	0.0395063	3.2114	0.195392	0.9685	1	122.031	1	0	0.073127
null1_151	1	152	d	D	-0.00226217	0.0137368	0.0271193	-0.799499	0.51725	1	998.81	1	0	0.869196
null1_152	1	153	D	d	0.0202961	0.017279	1.37971	-0.420235	0.20025	1	640.6	1	0	0.240151
null1_153	1	154	d	D	-0.0442931	0.0303762	2.1262	-0.0688948	0.949	1	193.596	1	0	0.144799
null1_154	1	155	D	d	0.0254197	0.0138027	3.39166	-0.0845396	0.492	1	999.744	1	0	0.0655271
null1_155	1	156	d	D	0.00390625	0.0139821	0.07805	-0.781214	0.56225	1	984.5	1	0	0.779958
null1_156	1	157	D	d	-0.00203849	0.0159707	0.0162918	-0.738251	0.2545	1	758.919	1	0	0.898435
null1_157	1	158	D	d	-0.0200212	0.0143423	1.94868	-0.374732	0.39425	1	955.268	1	0	0.16273
null1_158	1	159	d	D	-0.0295911	0.0563312	0.275945	-0.221375	0.98475	1	60.0697	1	0	0.599371
null1_159	1	160	d	D	0.0147878	0.0150486	0.965634	-0.562908	0.70875	1	825.694	1	0	0.325771
null1_160	1	161	D	d	-0.0222793	0.0157923	1.99027	-0.327713	0.25475	1	759.41	1	0	0.158312
null1_161	1	162	d	D	-0.00228019	0.0238876	0.00911169	-0.573642	0.90775	1	334.96	1	0	0.923953
null1_162	1	163	D	d	0.0162168	0.0142401	1.29689	-0.515497	0.377	1	939.484	1	0	0.254783
null1_163	1	164	D	d	-0.0114892	0.0143284	0.642958	-0.651327	0.3715	1	933.951	1	0	0.422642
null1_164	1	165	D	d	0.00993668	0.0169373	0.344186	-0.644957	0.2115	1	667.071	1	0	0.557423
null1_165	1	166	D	d	0.0185329	0.0136141	1.85315	-0.41595	0.45925	1	993.358	1	0	0.173417
null1_166	1	167	D	d	-0.0321525	0.0197183	2.65881	-0.104512	0.1405	1	483.039	1	0	0.102978
null1_167	1	168	D	d	-0.00153175	0.0151655	0.0102015	-0.761292	0.27725	1	801.53	2	0	0.919548
null1_168	1	169	D	d	-0.158082	0.0674693	5.48972	0.52949	0.0105	1	41.559	2	0	0.0191286
null1_169	1	170	D	d	-0.00537569	0.024011	0.0501242	-0.56328	0.08475	1	310.27	2	0	0.822847
null1_170	1	171	D	d	-0.0162287	0.013582	1.42772	-0.507129	0.4395	1	985.359	2	0	0.232138
null1_171	1	172	D	d	0.00915378	0.0138149	0.439039	-0.709749	0.46	1	993.6	2	0	0.507587
null1_172	1	173	d	D	-0.00416653	0.0139819	0.088801	-0.778943	0.614	1	948.016	2	0	0.765707
null1_173	1	174	d	D	-0.00743097	0.0186721	0.158381	-0.643498	0.842	1	532.144	2	0	0.690651
null1_174	1	175	d	D	0.0124824	0.0179741	0.482288	-0.591706	0.82175	1	585.908	2	0	0.487388
null1_175	1	176	d	D	0.00207903	0.0149323	0.019385	-0.765882	0.69725	1	844.37	2	0	0.889268
null1_176	1	177	D	d	-0.0313381	0.0228546	1.88018	-0.211304	0.10125	1	363.994	2	0	0.170314
null1_177	1	178	d	D	0.00685272	0.0164545	0.173444	-0.692753	0.77925	1	688.078	2	0	0.677069
null1_178	1	179	D	d	-0.0222327	0.0313303	0.503565	-0.371633	0.05225	1	198.08	1	0	0.477938
null1_179	1	180	D	d	0.00383139	0.0161705	0.0561391	-0.724661	0.23325	1	715.378	1	0	0.812706
null1_180	1	181	D	d	-0.000516769	0.0139278	0.00137667	-0.799114	0.4175	1	972.775	1	0	0.970402
null1_181	1	182	d	D	-0.0421406	0.0203811	4.2751	0.239672	0.871	1	449.436	1	0	0.0386747
null1_182	1	183	D	d	-0.007081	0.0142982	0.245259	-0.73638	0.3525	1	912.975	1	0	0.620433
null1_183	1	184	d	D	-0.00578342	0.0164728	0.123264	-0.70282	0.786	1	672.816	1	0	0.725521
null1_184	1	185	d	D	0.0305909	0.0153719	3.9603	0.0763278	0.72975	1	788.86	1	0	0.0465854
null1_185	1	186	d	D	0.010053	0.0146829	0.468781	-0.677996	0.67125	1	882.694	1	0	0.493549
null1_186	1	187	d	D	0.0256156	0.0160026	2.56228	-0.202372	0.74825	1	753.488	1	0	0.109441
null1_187	1	188	D	d	-0.00152229	0.0138013	0.0121662	-0.800689	0.4445	1	987.679	1	0	0.912171
null1_188	1	189	D	d	-0.0324069	0.016804	3.71919	0.0583505	0.2045	1	650.719	1	0	0.0537904
null1_189	1	190	d	D	-0.00166876	0.0176976	0.00889118	-0.696853	0.812	1	610.624	1	0	0.924876
null1_190	1	191	D	d	0.0205604	0.0243612	0.712301	-0.424042	0.0865	1	316.071	1	0	0.398681
null1_191	1	192	d	D	0.0305082	0.0145468	4.39845	0.148199	0.682	1	867.504	1	0	0.0359716
null1_192	1	193	d	D	-0.0833404	0.035685	5.45431	0.59288	0.96125	1	148.994	1	0	0.0195201
null1_193	1	194	D	d	0.000822138	0.0143436	0.00328527	-0.786264	0.35825	1	919.628	1	0	0.954292
null1_194	1	195	d	D	0.00249821	0.0136949	0.0332767	-0.799487	0.5645	1	983.359	1	0	0.855254
null1_195	1	196	D	d	0.0269312	0.0326155	0.681807	-0.323256	0.04825	1	183.688	1	0	0.408965
null1_196	1	197	d	D	-0.179199	0.163984	1.19418	0.00315711	0.99825	1	6.98775	0	0	0.274489
null1_197	1	198	D	d	0.0248014	0.0136341	3.30902	-0.10682	0.443	1	987.004	1	0	0.0689007
null1_198	1	199	d	D	0.0326051	0.0169543	3.69838	0.057216	0.80275	1	633.37	1	0	0.0544654
null1_199	1	200	d	D	0.0242682	0.0136241	3.17291	-0.13594	0.5325	1	995.775	1	0	0.074869
null1_200	1	201	D	d	-0.00559239	0.0144882	0.148992	-0.751201	0.329	1	883.036	1	0	0.6995
null1_201	1	202	D	d	-0.0226164	0.0156787	2.0808	-0.311514	0.27025	1	788.86	1	0	0.149162
null1_203	1	204	d	D	0.00690066	0.019236	0.128692	-0.637409	0.8505	1	508.599	2	0	0.719792
null1_204	1	205	D	d	0.0161306	0.0158796	1.03186	-0.527033	0.253	1	755.964	2	0	0.309723
null1_205	1	206	D	d	-0.0116766	0.0168141	0.482267	-0.619041	0.20775	1	658.36	2	0	0.487397
null1_206	1	207	D	d	-0.0106987	0.0163608	0.42761	-0.641768	0.2165	1	678.511	2	0	0.513164
null1_207	1	208	d	D	-0.0107236	0.0183137	0.342872	-0.613093	0.831	1	561.756	2	0	0.558176
null1_208	1	209	d	D	-0.0101388	0.0205627	0.243118	-0.586517	0.8705	1	450.919	2	0	0.621963
null1_209	1	210	d	D	0.0160153	0.0177843	0.81096	-0.527478	0.8265	1	573.591	2	0	0.367836
null1_210	1	211	D	d	0.0436293	0.0385733	1.27933	-0.158634	0.0315	1	122.031	2	0	0.258023
null1_211	1	212	D	d	-0.0227654	0.0151889	2.24646	-0.289105	0.2705	1	789.319	2	0	0.133921
null1_212	1	213	D	d	0.00249805	0.0136944	0.0332745	-0.799501	0.4485	1	989.391	2	0	0.855259
null1_213	1	214	d	D	-0.0156257	0.0156292	0.999541	-0.540297	0.752	1	745.984	1	0	0.317421
null1_214	1	215	D	d	-0.00342065	0.0135435	0.0637903	-0.797717	0.4755	1	997.599	1	0	0.800603
null1_215	1	216	d	D	0.0119056	0.0162116	0.539326	-0.622089	0.7775	1	691.975	1	0	0.462712
null1_216	1	217	D	d	0.00269031	0.0135503	0.0394192	-0.802679	0.48125	1	998.594	1	0	0.842621
null1_217	1	218	D	d	0.0397962	0.0287945	1.91013	-0.127328	0.059	1	222.076	1	0	0.166948
null1_218	1	219	d	D	-0.00324152	0.0136818	0.0561318	-0.795041	0.52825	1	996.808	1	0	0.812718
null1_219	1	220	D	d	0.0236455	0.0138058	2.93341	-0.181478	0.41075	1	968.138	1	0	0.0867643
null1_220	1	221	d	D	-0.000827888	0.0143937	0.00330825	-0.784786	0.65775	1	900.46	1	0	0.954133
null1_221	1	222	D	d	0.0288151	0.0519972	0.307101	-0.239463	0.018	1	70.704	1	0	0.579465
null1_222	1	223	D	d	0.00903747	0.0152945	0.34916	-0.686245	0.27175	1	791.608	1	0	0.554589
null1_223	1	224	d	D	-0.00674184	0.0163208	0.170637	-0.696741	0.77075	1	706.778	1	0	0.679546
null1_224	1	225	d	D	0.00533031	0.0141447	0.14201	-0.762785	0.636	1	926.016	1	0	0.706291
null1_225	1	226	d	D	-0.0301197	0.0159254	3.57702	0.00887475	0.77025	1	707.86	1	0	0.0585841
null1_226	1	227	d	D	-0.0238446	0.0137897	2.99	-0.169953	0.5075	1	999.775	1	0	0.0837803
null1_227	1	228	d	D	0.00546372	0.0143206	0.145564	-0.756826	0.603	1	957.564	1	0	0.702811
null1_228	1	229	d	D	-1.6796e-17	0.0137066	-9.08585e-13	-0.806187	0.511	1	999.516	1	0	1
null1_229	1	230	d	D	-0.00956787	0.0143243	0.446154	-0.693096	0.67975	1	870.76	1	0	0.504167
null1_230	1	231	d	D	0.00349037	0.0193478	0.0325447	-0.654941	0.85525	1	495.19	1	0	0.856837
null1_231	1	232	D	d	0.0200526	0.0193949	1.06898	-0.439363	0.142	1	487.344	1	0	0.301177
null1_232	1	233	d	D	-0.00355854	0.0138138	0.0663618	-0.788812	0.6075	1	953.775	1	0	0.79671
null1_233	1	234	d	D	-0.0147294	0.0144408	1.04038	-0.564029	0.65225	1	907.28	1	0	0.307733
null1_234	1	235	d	D	-0.0177258	0.0175876	1.01578	-0.489205	0.81475	1	603.73	1	0	0.313522
null1_235	1	236	d	D	-0.00774958	0.0159037	0.237444	-0.693494	0.75175	1	746.488	1	0	0.626058
null1_236	1	237	D	d	0.0084578	0.0460058	0.033798	-0.323133	0.02325	1	90.8377	2	0	0.854137
null1_237	1	238	D	d	-0.0011861	0.0211005	0.00315977	-0.625317	0.1175	1	414.775	2	0	0.955173
null1_238	1	239	d	D	-0.0174166	0.0178539	0.951608	-0.496576	0.82025	1	589.76	2	0	0.32931
null1_239	1	240	D	d	0.011921	0.0137967	0.746581	-0.645096	0.40825	1	966.328	2	0	0.387561
null1_240	1	241	d	D	0.00419535	0.0169211	0.0614722	-0.704569	0.78625	1	672.244	2	0	0.804184
null1_241	1	242	d	D	-0.00888691	0.014438	0.378868	-0.704028	0.665	1	891.1	2	0	0.53821
null1_242	1	243	d	D	0.0426635	0.0373053	1.3079	-0.163068	0.96425	1	137.888	2	0	0.252776
null1_243	1	244	D	d	-0.0127832	0.017051	0.562055	-0.596593	0.20725	1	657.19	2	0	0.453433
null1_244	1	245	D	d	-0.00252599	0.0153963	0.0269173	-0.751408	0.273	1	793.884	2	0	0.86968
null1_245	1	246	d	D	0.0163668	0.0143058	1.30889	-0.511078	0.617	1	945.244	2	0	0.252595
null1_246	1	247	d	D	-0.0124123	0.0176222	0.49612	-0.596896	0.8205	1	589.119	2	0	0.48121
null1_247	1	248	D	d	-0.0383034	0.0286509	1.7873	-0.152966	0.05975	1	224.72	1	0	0.181255
null1_248	1	249	D	d	-0.00310132	0.0182377	0.0289171	-0.68017	0.16075	1	539.638	1	0	0.86497
null1_249	1	250	d	D	0.0223597	0.0139622	2.56464	-0.255111	0.5825	1	972.775	1	0	0.109277
null1_250	1	251	d	D	0.0158377	0.0136256	1.35104	-0.522074	0.563	1	984.124	1	0	0.245096
null1_251	1	252	D	d	0.0424735	0.0249866	2.88948	0.0222373	0.08125	1	298.594	1	0	0.0891597
null1_252	1	253	D	d	-0.00527704	0.0152653	0.1195	-0.735475	0.29825	1	837.188	1	0	0.729577
null1_253	1	254	d	D	-0.056361	0.0231088	5.94841	0.616672	0.90475	1	344.71	1	0	0.0147305
null1_254	1	255	D	d	-0.0144539	0.0217185	0.442909	-0.523536	0.11575	1	409.408	1	0	0.505722
null1_255	1	256	D	d	0.0129586	0.0135453	0.915244	-0.616956	0.42375	1	976.744	1	0	0.338727
null1_256	1	257	d	D	-0.00833015	0.0142022	0.344028	-0.718296	0.62075	1	941.678	1	0	0.557514
null1_257	1	258	d	D	0.0124851	0.0306145	0.166316	-0.445214	0.9455	1	206.119	1	0	0.683407
null1_258	1	259	d	D	0.00668043	0.0189266	0.124585	-0.644938	0.8395	1	538.959	1	0	0.724114
null1_259	1	260	D	d	0.00542634	0.0142715	0.144568	-0.758482	0.361	1	922.716	1	0	0.703781
null1_260	1	261	D	d	-0.0219324	0.0146151	2.25201	-0.303125	0.33825	1	895.348	1	0	0.133441
null1_261	1	262	d	D	-0.0332141	0.0151067	4.83395	0.253821	0.71925	1	807.718	1	0	0.0279046
null1_262	1	263	d	D	-0.00744522	0.0136488	0.297555	-0.744838	0.5555	1	987.679	1	0	0.585419
null1_263	1	264	D	d	-0.00959435	0.0226815	0.178931	-0.560053	0.0995	1	358.399	1	0	0.672293
null1_264	1	265	D	d	-0.0190584	0.0205096	0.863489	-0.45985	0.1255	1	438.999	1	0	0.352764
null1_265	1	266	d	D	-0.018485	0.0141758	1.70037	-0.431956	0.63125	1	931.094	1	0	0.19224
null1_266	1	267	D	d	-0.00313377	0.0140019	0.0500915	-0.786544	0.406	1	964.656	1	0	0.822904
null1_267	1	268	d	D	-0.0721586	0.0263044	7.52523	0.958043	0.9295	1	262.119	2	0	0.00608409
null1_268	1	269	D	d	-0.0146814	0.0145553	1.01741	-0.565642	0.354	1	914.736	2	0	0.313133
null1_269	1	270	d	D	-0.0112129	0.0529713	0.0448076	-0.275569	0.98375	1	63.9437	2	0	0.832358
null1_270	1	271	D	d	-0.0187463	0.0203411	0.849345	-0.466004	0.1335	1	462.711	2	0	0.356738
null1_271	1	272	d	D	-0.0035791	0.0183268	0.0381396	-0.676227	0.83	1	564.4	2	0	0.845163
null1_272	1	273	d	D	-0.0102912	0.0142571	0.521036	-0.679208	0.6145	1	947.559	2	0	0.4704
null1_273	1	274	d	D	0.0157262	0.0160168	0.964043	-0.537795	0.7315	1	785.631	2	0	0.32617
null1_274	1	275	D	d	0.0135576	0.0237776	0.325109	-0.511603	0.0895	1	325.959	2	0	0.568553
null1_275	1	276	d	D	0.00249066	0.0152882	0.0265408	-0.75445	0.725	1	797.5	2	0	0.870586
null1_276	1	277	D	d	-0.00890294	0.0163498	0.296512	-0.669572	0.23425	1	717.508	2	0	0.586078
null1_277	1	278	D	d	0.0301064	0.0187806	2.56981	-0.14061	0.163	1	545.724	2	0	0.108921
null1_278	1	279	d	D	0.00609417	0.0164046	0.138006	-0.701457	0.77875	1	689.194	1	0	0.710271
null1_279	1	280	D	d	-0.00689918	0.0165101	0.17462	-0.691099	0.22375	1	694.744	1	0	0.676038
null1_280	1	281	D	d	0.0222844	0.0236097	0.890882	-0.399905	0.0945	1	342.279	1	0	0.345238
null1_281	1	282	d	D	0.0739266	0.0376876	3.84774	0.30348	0.96625	1	130.444	1	0	0.0498132
null1_282	1	283	d	D	0.00865625	0.0138239	0.392101	-0.719429	0.5725	1	978.975	1	0	0.531197
null1_283	1	284	d	D	0.0163766	0.0261325	0.392723	-0.461196	0.9265	1	272.391	1	0	0.530872
null1_284	1	285	d	D	-0.00150884	0.0137402	0.0120587	-0.802591	0.5865	1	970.071	1	0	0.912558
null1_285	1	286	D	d	0.0234727	0.0136096	2.97465	-0.178368	0.42825	1	979.408	1	0	0.0845783
null1_286	1	287	D	d	0.0452392	0.0277645	2.6549	0.00767967	0.066	1	246.576	1	0	0.103231
null1_287	1	288	D	d	0.0165215	0.0167857	0.96876	-0.517804	0.205	1	651.9	1	0	0.32499
null1_288	1	289	d	D	0.0315789	0.0444428	0.504885	-0.253753	0.975	1	97.5	1	0	0.477361
null1_289	1	290	D	d	0.0204627	0.0264212	0.599818	-0.415778	0.0735	1	272.391	1	0	0.438647
null1_290	1	291	d	D	0.0724485	0.0351216	4.2551	0.368374	0.961	1	149.916	1	0	0.0391325
null1_291	1	292	d	D	0.0138768	0.0183294	0.573164	-0.564816	0.83625	1	547.744	1	0	0.449004
null1_292	1	293	d	D	0.014024	0.0241831	0.336297	-0.502682	0.9155	1	309.439	1	0	0.561975
null1_293	1	294	d	D	0.0246976	0.0138147	3.19614	-0.125595	0.57675	1	976.438	1	0	0.0738124
null1_294	1	295	d	D	0.0175736	0.013626	1.66336	-0.455836	0.54325	1	992.518	1	0	0.197151
null1_295	1	296	d	D	-0.0198107	0.01417	1.95461	-0.378324	0.6205	1	941.919	1	0	0.162091
null1_296	1	297	d	D	0.00666329	0.0166701	0.159772	-0.690197	0.7865	1	671.671	1	0	0.689367
null1_297	1	298	D	d	0.0343969	0.0210865	2.6609	-0.0803432	0.1175	1	414.775	1	0	0.102842
null1_298	1	299	D	d	0.00496519	0.0140064	0.125667	-0.770391	0.42725	1	978.83	1	0	0.722968
null1_299	1	300	d	D	0.0025999	0.0147266	0.031168	-0.769243	0.65475	1	904.21	1	0	0.859866
null1_300	1	301	D	d	-0.00768019	0.0140995	0.296714	-0.731363	0.35125	1	911.494	1	0	0.58595
null1_301	1	302	d	D	0.0515464	0.0439727	1.37414	-0.106826	0.975	1	97.5	1	0	0.241102
null1_302	1	303	d	D	-0.0125158	0.0190083	0.433543	-0.579067	0.8385	1	541.671	1	0	0.510256
null1_303	1	304	d	D	-0.0259075	0.016202	2.55692	-0.198746	0.7655	1	718.039	1	0	0.109812
null1_304	1	305	d	D	-0.0220413	0.0139439	2.49864	-0.269602	0.58725	1	969.55	1	0	0.113945
null1_305	1	306	D	d	-0.0146779	0.0179998	0.664954	-0.553053	0.1785	1	586.551	1	0	0.414816
null1_306	1	307	d	D	-0.0144712	0.0169055	0.732741	-0.564356	0.7845	1	676.239	1	0	0.391996
null1_307	1	308	D	d	0.0405633	0.0141253	8.2465	0.949645	0.407	1	965.404	2	0	0.00408307
null1_308	1	309	d	D	-0.00194882	0.0144572	0.018171	-0.779783	0.64275	1	918.49	2	0	0.89277
null1_309	1	310	D	d	0.00250725	0.015339	0.0267176	-0.753017	0.267	1	782.844	2	0	0.87016
null1_310	1	311	d	D	0.017542	0.0199732	0.771374	-0.48929	0.86275	1	473.65	2	0	0.379792
null1_311	1	312	d	D	0.0207368	0.0151238	1.88002	-0.368042	0.705	1	831.9	2	0	0.170332
null1_312	1	313	D	d	1.31088e-17	0.0144787	-9.08585e-13	-0.782998	0.344	1	902.656	2	0	1
null1_313	1	314	d	D	0.0127972	0.0137222	0.869714	-0.621233	0.50925	1	999.658	2	0	0.351034
null1_314	1	315	d	D	0.0391056	0.0158165	6.11301	0.538638	0.75175	1	746.488	2	0	0.013419
null1_315	1	316	d	D	-0.0241421	0.0137298	3.09188	-0.150081	0.606	1	955.056	2	0	0.0786837
null1_316	1	317	D	d	0.00892259	0.0140349	0.404168	-0.710523	0.3955	1	956.319	2	0	0.524945
null1_317	1	318	d	D	-0.00537122	0.0191461	0.0787023	-0.649702	0.84875	1	513.494	2	0	0.779064
null1_318	1	319	D	d	0.0118464	0.0150988	0.615586	-0.635396	0.26925	1	787.018	1	0	0.432692
null1_319	1	320	d	D	-0.0193845	0.0141126	1.88665	-0.394336	0.62325	1	939.238	1	0	0.169581
null1_320	1	321	d	D	-0.0181567	0.0157377	1.33105	-0.467735	0.72575	1	796.148	1	0	0.248619
null1_321	1	322	D	d	0.00353456	0.0137672	0.0659147	-0.790336	0.4585	1	993.111	1	0	0.797381
null1_322	1	323	d	D	0.0231064	0.0134325	2.95904	-0.186836	0.554	1	988.336	1	0	0.0853986
null1_323	1	324	D	d	0.0428083	0.0138812	9.51049	1.21055	0.4545	1	991.719	1	0	0.00204301
null1_324	1	325	D	d	0.0358417	0.0269556	1.76798	-0.176795	0.06975	1	259.54	1	0	0.183632
null1_325	1	326	d	D	-0.00647145	0.0152097	0.181036	-0.724027	0.70425	1	833.128	1	0	0.670485
null1_326	1	327	D	d	0.0108355	0.0156987	0.476398	-0.648601	0.25875	1	767.194	1	0	0.490058
null1_327	1	328	D	d	-0.0096626	0.0140005	0.476325	-0.696263	0.38725	1	949.15	1	0	0.490092
null1_328	1	329	d	D	0.0286982	0.0205437	1.95143	-0.235378	0.88025	1	421.64	1	0	0.162433
null1_329	1	330	d	D	-0.00653246	0.0156586	0.17404	-0.713324	0.732	1	784.704	1	0	0.676546
dis1_0	1	331	D	d	-0.0501811	0.0271558	3.41473	0.151229	0.06975	1	259.54	1	0	0.0646169
dis1_1	1	332	D	d	-0.119956	0.0328303	13.3505	2.07665	0.04475	1	170.99	1	0	0.000258352
dis1_2	1	333	d	D	-0.02803	0.102574	0.0746748	-0.110186	0.9955	1	17.919	0	0	0.784648
dis1_3	1	334	D	d	-0.0479147	0.0140567	11.619	1.65884	0.39125	1	952.694	1	0	0.000652809
dis1_4	1	335	d	D	-0.0910898	0.0244074	13.9282	2.22764	0.9155	1	309.439	1	0	0.000189925
null2_0	1	336	D	d	-0.0128124	0.0214	0.358453	-0.546727	0.11025	1	392.38	1	0	0.549367
null2_1	1	337	D	d	0.0073576	0.0138002	0.28425	-0.743019	0.48575	1	999.188	1	0	0.593929
null2_2	1	338	d	D	-0.00245291	0.0191912	0.0163365	-0.661659	0.85025	1	509.3	1	0	0.898296
null2_3	1	339	D	d	-0.0295284	0.0136906	4.65196	0.179123	0.4705	1	996.519	1	0	0.0310181
null2_4	1	340	d	D	0.0134812	0.0140841	0.916227	-0.600605	0.61025	1	951.38	1	0	0.338468
null2_5	1	341	d	D	-0.0112987	0.0177229	0.406428	-0.613285	0.81575	1	601.208	2	0	0.523788
null2_6	1	342	D	d	-0.0164272	0.0138768	1.40137	-0.503932	0.499	1	999.996	2	0	0.236494
null2_7	1	343	D	d	0.00427168	0.0200215	0.04552	-0.638149	0.135	1	467.1	2	0	0.831051
null2_8	1	344	D	d	0.00703462	0.041957	0.0281108	-0.355734	0.02825	1	109.808	2	0	0.866849
null2_9	1	345	d	D	0.00222043	0.0144351	0.0236611	-0.779268	0.653	1	906.364	2	0	0.87775
null2_10	1	346	D	d	0.0037948	0.0217903	0.0303285	-0.606598	0.1155	1	408.639	2	0	0.861747
null2_11	1	347	D	d	-0.00705896	0.0210143	0.112837	-0.604469	0.126	1	440.496	2	0	0.736937
null2_12	1	348	D	d	-0.00289632	0.0140595	0.0424378	-0.786429	0.41975	1	974.24	2	0	0.836787
null2_13	1	349	D	d	-0.00685948	0.0138097	0.246725	-0.750687	0.45975	1	993.52	2	0	0.619391
null2_14	1	350	D	d	0.0169203	0.0135631	1.55632	-0.480422	0.47375	1	997.244	2	0	0.212205
null2_15	1	351	d	D	-0.00238619	0.0159974	0.0222491	-0.736299	0.75875	1	732.194	2	0	0.881426
null2_16	1	352	d	D	0.00304306	0.0159323	0.0364809	-0.735017	0.75875	1	732.194	1	0	0.848526
null2_17	1	353	D	d	0.0213098	0.0230879	0.851904	-0.416318	0.0975	1	351.975	1	0	0.356014
null2_18	1	354	D	d	0.0274506	0.0175275	2.45281	-0.190638	0.18125	1	593.594	1	0	0.117315
null2_19	1	355	d	D	0.011337	0.0168418	0.45313	-0.624469	0.7925	1	657.775	1	0	0.500852
null2_20	1	356	D	d	-0.0386074	0.0401186	0.92608	-0.210796	0.0305	1	118.279	1	0	0.335884
null2_21	1	357	d	D	0.0196136	0.018719	1.09787	-0.447331	0.8385	1	541.671	1	0	0.294734
null2_22	1	358	d	D	-0.00249688	0.0153073	0.0266071	-0.753912	0.725	1	797.5	2	0	0.870426
null2_23	1	359	D	d	-0.0220332	0.0185572	1.40971	-0.385962	0.161	1	540.316	2	0	0.235104
null2_24	1	360	D	d	0.0115522	0.0140372	0.677281	-0.652596	0.465	1	995.1	2	0	0.410525
null2_25	1	361	d	D	-0.0154776	0.0137974	1.25838	-0.536582	0.53825	1	994.148	2	0	0.261958
null2_26	1	362	d	D	-0.00171146	0.0135482	0.0159578	-0.807725	0.50775	1	999.76	2	0	0.899475
null2_27	1	363	d	D	0.00775788	0.0197041	0.155014	-0.622088	0.85525	1	495.19	2	0	0.693789
null2_28	1	364	d	D	0.0109982	0.0302881	0.131855	-0.455958	0.94475	1	208.79	2	0	0.716517
null2_29	1	365	d	D	0.0186506	0.0160972	1.3424	-0.456273	0.7545	1	740.919	2	0	0.246611
null2_30	1	366	D	d	0.0188151	0.0237664	0.62674	-0.450799	0.09275	1	336.59	2	0	0.428554
null2_31	1	367	d	D	0.00858605	0.0327764	0.0686221	-0.438173	0.9535	1	177.351	2	0	0.793354
null2_32	1	368	d	D	-0.0582949	0.0410069	2.02091	-0.00999145	0.9715	1	110.751	2	0	0.155146
null2_33	1	369	D	d	-0.00861377	0.0149317	0.332788	-0.699715	0.28925	1	822.338	1	0	0.564022
null2_34	1	370	d	D	0.0246336	0.0140156	3.08909	-0.142623	0.6265	1	935.991	1	0	0.0788188
null2_35	1	371	d	D	-0.00287604	0.0140102	0.0421406	-0.787977	0.60175	1	958.588	1	0	0.837352
null2_36	1	372	D	d	0.0120299	0.0140094	0.737369	-0.64069	0.4025	1	961.975	1	0	0.390505
null2_37	1	373	d	D	-0.0260931	0.013712	3.62118	-0.0384962	0.514	1	999.216	1	0	0.0570485
null2_38	1	374	d	D	-0.0164081	0.0136568	1.44352	-0.50153	0.5745	1	977.799	1	0	0.229571
null2_39	1	375	D	d	-0.00388523	0.0220484	0.0310512	-0.601653	0.1095	1	390.039	1	0	0.860126
null2_40	1	376	d	D	0.0354065	0.0202069	3.0702	-0.0110638	0.86675	1	461.978	1	0	0.0797395
null2_41	1	377	D	d	-0.016129	0.0317639	0.25784	-0.41377	0.05	1	190	1	0	0.611608
null2_42	1	378	D	d	0.0250609	0.0162689	2.37287	-0.235776	0.22325	1	693.638	1	0	0.12346
null2_43	1	379	d	D	-0.0134732	0.0138115	0.951605	-0.601186	0.59325	1	965.218	1	0	0.329311
null2_44	1	380	d	D	-0.014518	0.0165039	0.773819	-0.565541	0.78	1	686.4	1	0	0.379038
null2_45	1	381	D	d	0.0170887	0.0138325	1.52623	-0.478781	0.40725	1	965.59	1	0	0.216679
null2_46	1	382	d	D	0.0164345	0.0143353	1.31431	-0.50909	0.631	1	931.356	1	0	0.251615
null2_47	1	383	D	d	-0.0250803	0.0137104	3.34629	-0.0967532	0.47	1	996.4	1	0	0.0673569
null2_48	1	384	D	d	0.00410267	0.0148323	0.0765096	-0.756646	0.3035	1	845.551	1	0	0.782084
null2_49	1	385	d	D	0.250376	0.25025	1.001	-0.00130397	0.99925	1	2.99775	0	0	0.317068
null2_50	1	386	D	d	-0.00147636	0.0332923	0.00196651	-0.444934	0.04425	1	169.168	1	0	0.964629
null2_51	1	387	D	d	0.0663319	0.0325168	4.16129	0.337868	0.04725	1	180.07	1	0	0.0413579
null2_52	1	388	D	d	0.0251494	0.0137985	3.32191	-0.0994227	0.39225	1	953.56	2	0	0.0683622
null2_53	1	389	d	D	-0.0236992	0.0148113	2.56023	-0.23281	0.68525	1	862.73	2	0	0.109583
null2_54	1	390	d	D	-0.0124684	0.0132868	0.880606	-0.632311	0.50625	1	999.844	2	0	0.348036
null2_55	1	391	D	d	0.00746715	0.0156112	0.22879	-0.70306	0.27225	1	792.52	2	0	0.632423
null2_56	1	392	d	D	0.00098833	0.0136197	0.00526584	-0.807762	0.532	1	995.904	2	0	0.942151
null2_57	1	393	D	d	0.0221783	0.0140703	2.48457	-0.269004	0.379	1	941.436	2	0	0.114968
null2_58	1	394	d	D	0.00300804	0.0158403	0.036061	-0.737534	0.75075	1	748.498	2	0	0.84939
null2_59	1	395	D	d	0.0049972	0.0148551	0.113163	-0.748257	0.31075	1	856.738	2	0	0.736571
null2_60	1	396	D	d	-0.00609001	0.0144154	0.178478	-0.747084	0.3645	1	926.559	2	0	0.672685
null2_61	1	397	d	D	-0.0194428	0.0145381	1.78855	-0.403141	0.66725	1	888.11	2	0	0.181104
null2_62	1	398	d	D	-0.000734419	0.0135569	0.00293474	-0.810218	0.52175	1	998.108	2	0	0.956797
null2_63	1	399	D	d	-0.0172182	0.0169443	1.03259	-0.500647	0.20725	1	657.19	1	0	0.309551
null2_64	1	400	D	d	0.005251	0.0140391	0.139896	-0.766392	0.415	1	971.1	1	0	0.708384
null2_65	1	401	d	D	-0.00857395	0.0194578	0.194167	-0.619142	0.85625	1	492.344	1	0	0.659471
null2_66	1	402	D	d	-0.000452581	0.018433	0.000602838	-0.681638	0.17125	1	567.694	1	0	0.980412
null2_67	1	403	D	d	0.010996	0.0908582	0.0146468	-0.138934	0.00575	1	22.8678	0	0	0.903672
null2_68	1	404	d	D	-0.0232545	0.014582	2.54318	-0.242524	0.6825	1	866.775	1	0	0.110771
null2_69	1	405	d	D	0.00492742	0.014751	0.111583	-0.751549	0.67975	1	870.76	1	0	0.738349
null2_70	1	406	D	d	0.014081	0.0137359	1.05088	-0.582408	0.437	1	984.124	1	0	0.305304
null2_71	1	407	d	D	-0.0132818	0.0242169	0.300798	-0.509292	0.91125	1	323.494	1	0	0.583383
null2_72	1	408	d	D	-0.00676774	0.0163521	0.171293	-0.695804	0.77275	1	702.43	1	0	0.678966
null2_73	1	409	D	d	-0.0205092	0.0184919	1.23008	-0.424672	0.16825	1	559.768	1	0	0.267392
null2_74	1	410	d	D	-0.0104612	0.0140103	0.557529	-0.678763	0.569	1	980.956	1	0	0.455258
null2_75	1	411	d	D	-0.0140664	0.0151484	0.86225	-0.582007	0.7075	1	827.775	1	0	0.35311
null2_76	1	412	d	D	0.00278648	0.0323415	0.0074232	-0.454895	0.9545	1	173.719	2	0	0.931341
null2_77	1	413	d	D	-0.125502	0.153451	0.668899	-0.0249463	0.998	1	7.984	0	0	0.413436
null2_78	1	414	d	D	0.000994756	0.0136639	0.00530007	-0.806382	0.529	1	996.636	2	0	0.941964
null2_79	1	415	D	d	0.00610874	0.0169297	0.130198	-0.689962	0.22	1	686.4	2	0	0.718227
null2_80	1	416	D	d	-0.0107009	0.0224065	0.228084	-0.554941	0.105	1	375.9	2	0	0.632948
null2_81	1	417	D	d	-0.0176569	0.0140604	1.57702	-0.461377	0.43075	1	980.818	2	0	0.209191
null2_82	1	418	d	D	0.00864382	0.0157973	0.299398	-0.683256	0.7515	1	746.991	2	0	0.58426
null2_83	1	419	d	D	-0.0082431	0.0262217	0.0988232	-0.518428	0.92925	1	262.978	2	0	0.753246
null2_84	1	420	d	D	-0.00169518	0.0145639	0.013548	-0.777654	0.6685	1	886.431	2	0	0.907339
null2_85	1	421	D	d	-0.0181198	0.0141381	1.64257	-0.445265	0.385	1	947.1	2	0	0.199973
null2_86	1	422	d	D	-0.00551751	0.0156092	0.124946	-0.724985	0.72325	1	800.638	2	0	0.723731
null2_87	1	423	D	d	0.0225362	0.0149119	2.28399	-0.288434	0.308	1	852.544	1	0	0.130715
null2_88	1	424	d	D	-0.00950643	0.0140785	0.455956	-0.698255	0.597	1	962.364	1	0	0.49952
null2_89	1	425	d	D	-0.00719108	0.0244914	0.0862104	-0.548064	0.91625	1	306.944	1	0	0.769051
null2_90	1	426	D	d	-0.10101	0.0973348	1.07694	-0.0232532	0.005	1	19.9	0	0	0.299382
null2_91	1	427	D	d	0.00602274	0.0194108	0.0962721	-0.640402	0.144	1	493.056	1	0	0.75635
null2_92	1	428	d	D	-0.00486836	0.0138691	0.123216	-0.775066	0.54375	1	992.344	1	0	0.725572
null2_93	1	429	D	d	-0.00394036	0.0157007	0.0629847	-0.735583	0.259	1	767.676	1	0	0.801839
null2_94	1	430	D	d	-0.032387	0.0289466	1.25183	-0.25432	0.05825	1	219.428	1	0	0.263204
null2_95	1	431	D	d	0.0302447	0.0185358	2.66242	-0.126204	0.1675	1	557.775	1	0	0.102745
null2_96	1	432	D	d	-0.00913242	0.0195155	0.218983	-0.612792	0.1375	1	474.375	1	0	0.639816
null2_97	1	433	d	D	0.0243991	0.0180777	1.82164	-0.31042	0.826	1	574.896	1	0	0.177119
null2_98	1	434	D	d	-0.00949485	0.0136946	0.480707	-0.704578	0.3885	1	950.271	1	0	0.488102
null2_99	1	435	d	D	0.00933374	0.014148	0.435234	-0.700585	0.62725	1	935.23	1	0	0.509432
null2_100	1	436	d	D	-0.00120118	0.0150149	0.00639993	-0.7663	0.706	1	830.256	1	0	0.936238
null2_101	1	437	D	d	0.0224014	0.0289939	0.596952	-0.381763	0.06	1	225.6	1	0	0.439743
null2_102	1	438	D	d	-0.00838302	0.0142472	0.346212	-0.716508	0.36375	1	925.744	1	0	0.556265
null2_103	1	439	d	D	0.013782	0.0139688	0.973428	-0.591882	0.58775	1	969.2	1	0	0.323827
null2_104	1	440	d	D	-0.0156491	0.0197862	0.625532	-0.523152	0.8565	1	491.631	1	0	0.428999
null2_105	1	441	d	D	0.0030925	0.0139094	0.0494318	-0.789486	0.567	1	982.044	1	0	0.824055
null2_106	1	442	D	d	0.00736384	0.0151764	0.235435	-0.713467	0.299	1	838.396	1	0	0.627523
null2_107	1	443	d	D	0.0220598	0.0138684	2.5302	-0.265075	0.5585	1	986.311	1	0	0.111686
null2_108	1	444	D	d	-0.0091464	0.0159461	0.328995	-0.673128	0.25075	1	751.498	1	0	0.566251
null2_109	1	445	d	D	-0.0398028	0.0160253	6.169	0.554776	0.776	1	695.296	1	0	0.0130008
null2_110	1	446	d	D	-0.00208245	0.0139794	0.0221908	-0.793137	0.607	1	954.204	1	0	0.881581
null2_111	1	447	d	D	0.0235743	0.0147723	2.54672	-0.236695	0.69875	1	841.994	1	0	0.110524
null2_112	1	448	d	D	0.0206849	0.0293687	0.496064	-0.396731	0.9425	1	216.775	1	0	0.481235
null2_113	1	449	d	D	0.0344309	0.0245061	1.97401	-0.167927	0.91725	1	303.61	1	0	0.160023
null2_114	1	450	d	D	0.00893551	0.0138429	0.41666	-0.713646	0.57225	1	979.12	2	0	0.518608
null2_115	1	451	d	D	-0.0130223	0.0145756	0.79822	-0.611404	0.6785	1	872.551	2	0	0.371626
null2_116	1	452	D	d	-0.00755757	0.0137514	0.302046	-0.740736	0.4735	1	997.191	2	0	0.582602
null2_117	1	453	D	d	-0.0184624	0.0134104	1.89537	-0.413101	0.42725	1	978.83	2	0	0.168597
null2_118	1	454	d	D	-0.0207498	0.0140347	2.18585	-0.333229	0.57175	1	979.408	2	0	0.139284
null2_119	1	455	D	d	-0.0273203	0.0150006	3.31704	-0.0683071	0.29075	1	824.858	2	0	0.0685652
null2_120	1	456	d	D	-0.0214455	0.015731	1.85848	-0.35696	0.74425	1	761.368	2	0	0.172801
null2_121	1	457	D	d	0.0068614	0.0135627	0.255936	-0.756333	0.465	1	995.1	2	0	0.612926
null2_122	1	458	d	D	-0.00805481	0.0162138	0.246798	-0.683484	0.77275	1	702.43	2	0	0.619339
null2_123	1	459	D	d	-0.00342624	0.0160381	0.0456386	-0.730315	0.2435	1	736.831	2	0	0.830834
null2_124	1	460	d	D	0.250752	0.177042	2.00602	0.0375293	0.9985	1	5.991	0	0	0.156675
null2_125	1	461	d	D	-0.00426279	0.0141425	0.0908528	-0.773687	0.634	1	928.176	1	0	0.763096
null2_126	1	462	d	D	0.00889401	0.0151726	0.343617	-0.690749	0.72075	1	805.078	1	0	0.557749
null2_127	1	463	D	d	0.014081	0.0137359	1.05088	-0.582408	0.437	1	984.124	1	0	0.305304
null2_128	1	464	D	d	0.0261956	0.015668	2.7953	-0.161516	0.258	1	765.744	1	0	0.0945408
null2_129	1	465	D	d	-0.0164631	0.0193494	0.723916	-0.511724	0.14225	1	488.06	1	0	0.394862
null2_130	1	466	D	d	-0.0132765	0.0161929	0.672229	-0.594646	0.2425	1	734.775	1	0	0.412275
null2_131	1	467	D	d	0.0111487	0.0159239	0.490173	-0.639808	0.25075	1	751.498	1	0	0.48385
null2_132	1	468	d	D	-0.0283234	0.0144959	3.81769	0.0243102	0.68625	1	861.244	1	0	0.0507141
null2_133	1	469	d	D	0.0136681	0.0152682	0.801383	-0.591605	0.701	1	838.396	1	0	0.37068
null2_134	1	470	D	d	-0.0911392	0.0871687	1.09318	-0.0311405	0.00625	1	24.8438	0	0	0.295769
null2_135	1	471	D	d	-0.0445991	0.0234073	3.63035	0.151308	0.09425	1	341.468	1	0	0.056735
null2_136	1	472	D	d	0.00369751	0.0136034	0.073879	-0.793707	0.46325	1	994.598	1	0	0.78577
null2_137	1	473	d	D	0.018499	0.0147252	1.57825	-0.442421	0.694	1	849.456	1	0	0.209013
null2_138	1	474	D	d	-0.00565362	0.0153554	0.13556	-0.729621	0.2525	1	754.975	1	0	0.712735
null2_139	1	475	D	d	-0.0243096	0.0178854	1.84739	-0.30917	0.18125	1	593.594	1	0	0.174087
null2_140	1	476	D	d	-0.00684183	0.0238893	0.0820232	-0.558876	0.08525	1	311.93	1	0	0.774574
null2_141	1	477	d	D	-0.0221219	0.0274712	0.648472	-0.391552	0.9335	1	248.311	1	0	0.42066
null2_142	1	478	d	D	-0.0230554	0.0193911	1.41365	-0.368108	0.8495	1	511.399	1	0	0.234451
null2_143	1	479	d	D	0.0010474	0.0161899	0.00418542	-0.735077	0.77725	1	692.53	1	0	0.948417
null2_144	1	480	D	d	0.00810811	0.0225218	0.129608	-0.57294	0.1	1	360	1	0	0.718838
null2_145	1	481	D	d	0.0156407	0.0153207	1.04221	-0.539436	0.2745	1	796.599	1	0	0.307307
null2_146	1	482	D	d	0.00209256	0.0149808	0.0195112	-0.764488	0.28825	1	820.648	2	0	0.888911
null2_147	1	483	D	d	-0.019921	0.0136656	2.12503	-0.356792	0.498	1	999.984	2	0	0.14491
null2_148	1	484	D	d	-0.000666668	0.0158193	0.00177601	-0.745307	0.2495	1	748.999	2	0	0.966385
null2_149	1	485	D	d	0.00405619	0.0208571	0.0378206	-0.622951	0.12225	1	429.22	2	0	0.845804
null2_150	1	486	D	d	-0.000698216	0.0228951	0.000930024	-0.592472	0.10425	1	373.528	2	0	0.975671
null2_151	1	487	D	d	-0.0213527	0.0172231	1.53704	-0.38863	0.1955	1	629.119	2	0	0.215059
null2_152	1	488	D	d	0.0554693	0.0416366	1.77482	-0.0500368	0.027	1	105.084	2	0	0.182787
null2_153	1	489	d	D	-0.00190124	0.0154237	0.0151948	-0.75313	0.7305	1	787.479	2	0	0.901895
null2_154	1	490	d	D	-0.00608514	0.0137961	0.194549	-0.762167	0.557	1	987.004	2	0	0.659157
null2_155	1	491	d	D	0.00739997	0.0281713	0.0689997	-0.496192	0.93625	1	238.744	2	0	0.792799
null2_156	1	492	d	D	0.00483967	0.0146191	0.109595	-0.75575	0.69775	1	843.58	2	0	0.740605
null2_157	1	493	D	d	0.00791733	0.0232449	0.116011	-0.562977	0.09725	1	351.17	1	0	0.733401
null2_158	1	494	d	D	0.0058923	0.0141795	0.172683	-0.755254	0.6165	1	945.711	1	0	0.677738
null2_159	1	495	D	d	-0.0049818	0.0163443	0.0929048	-0.712464	0.2195	1	685.279	1	0	0.760516
null2_160	1	496	D	d	0.002702	0.015013	0.0323921	-0.760866	0.29075	1	824.858	1	0	0.85717
null2_161	1	497	d	D	0.0020116	0.0146882	0.0187563	-0.772968	0.67925	1	871.478	1	0	0.891067
null2_162	1	498	d	D	-0.000329338	0.0157242	0.000438678	-0.748123	0.72525	1	797.05	1	0	0.98329
null2_163	1	499	d	D	0.00146132	0.0165611	0.00778595	-0.724816	0.781	1	684.156	1	0	0.929687
null2_164	1	500	d	D	0.00929327	0.0145389	0.408578	-0.694835	0.63475	1	927.37	1	0	0.522692
null2_165	1	501	D	d	-0.0309228	0.0171285	3.25925	-0.0308283	0.19375	1	624.844	1	0	0.0710215
null2_166	1	502	d	D	-0.0199802	0.0142304	1.97135	-0.373077	0.6605	1	896.959	1	0	0.160305
null2_167	1	503	d	D	5.94366e-18	0.0137402	-9.08585e-13	-0.805149	0.559	1	986.076	1	0	1
null2_168	1	504	d	D	-0.00685802	0.014646	0.219261	-0.731791	0.667	1	888.444	1	0	0.639603
null2_169	1	505	d	D	0.00316392	0.014069	0.0505733	-0.784419	0.574	1	978.096	1	0	0.822069
null2_170	1	506	d	D	-0.00703333	0.0187615	0.140536	-0.645237	0.83575	1	549.088	1	0	0.707749
null2_171	1	507	D	d	0.0232101	0.0136783	2.87932	-0.196584	0.47975	1	998.36	1	0	0.0897241
null2_172	1	508	d	D	0.000493534	0.013611	0.00131477	-0.808871	0.5715	1	979.551	1	0	0.971075
null2_173	1	509	d	D	0.00627683	0.0242698	0.0668882	-0.555596	0.911	1	324.316	1	0	0.795923
null2_174	1	510	D	d	-0.00785195	0.0147749	0.282427	-0.714768	0.32275	1	874.33	1	0	0.595115
null2_175	1	511	d	D	0.0015472	0.0170408	0.00824353	-0.712772	0.797	1	647.164	1	0	0.927656
null2_176	1	512	d	D	-0.0110442	0.0169071	0.426705	-0.628411	0.80425	1	629.728	1	0	0.51361
null2_177	1	513	D	d	-0.0235765	0.0145937	2.60992	-0.228116	0.34075	1	898.558	1	0	0.106197
null2_178	1	514	d	D	-0.00871134	0.0161729	0.29013	-0.675429	0.75825	1	733.228	1	0	0.590137
null2_179	1	515	d	D	0.00269165	0.0169905	0.0250972	-0.71048	0.80225	1	634.58	1	0	0.874125
null2_180	1	516	D	d	0.0177305	0.040789	0.188954	-0.337036	0.03	1	116.4	1	0	0.663789
null2_181	1	517	d	D	-0.00460947	0.0134953	0.116663	-0.787999	0.52375	1	997.744	1	0	0.732682
null2_182	1	518	D	d	0.0121299	0.0159024	0.581822	-0.621092	0.248	1	745.984	1	0	0.445599
null2_183	1	519	d	D	-0.0443964	0.0351209	1.59795	-0.126912	0.95975	1	154.52	1	0	0.206194
null2_184	1	520	D	d	-0.00251107	0.0153508	0.0267584	-0.752687	0.271	1	790.236	1	0	0.870062
null2_185	1	521	D	d	-0.0165244	0.0140278	1.38763	-0.502423	0.38175	1	944.068	2	0	0.238807
null2_186	1	522	d	D	-0.00225764	0.0137231	0.027065	-0.799935	0.52825	1	996.808	2	0	0.869326
null2_187	1	523	d	D	-0.013099	0.014462	0.820386	-0.609948	0.67175	1	882.008	2	0	0.365067
null2_188	1	524	d	D	-0.00515748	0.0160661	0.103052	-0.717513	0.77475	1	698.05	2	0	0.748198
null2_189	1	525	d	D	-0.010155	0.0139797	0.527671	-0.686003	0.57975	1	974.56	2	0	0.467588
null2_190	1	526	D	d	-0.00461445	0.0138727	0.110642	-0.777625	0.3995	1	959.599	2	0	0.739414
null2_191	1	527	d	D	0.0189141	0.0139405	1.84083	-0.408982	0.58375	1	971.944	2	0	0.174854
null2_192	1	528	d	D	0.0203252	0.0154343	1.73419	-0.390677	0.74	1	769.6	2	0	0.187877
null2_193	1	529	d	D	0.0099018	0.0139849	0.501315	-0.691433	0.6165	1	945.711	2	0	0.478923
null2_194	1	530	d	D	-0.00637083	0.0141162	0.203684	-0.75057	0.576	1	976.896	2	0	0.651764
null2_195	1	531	D	d	0.00812233	0.0295142	0.0757354	-0.476797	0.05425	1	205.228	2	0	0.783162
null2_196	1	532	D	d	0.0236191	0.0135805	3.02479	-0.168584	0.478	1	998.064	1	0	0.0820009
null2_197	1	533	d	D	0.00564207	0.0145524	0.150316	-0.749061	0.665	1	891.1	1	0	0.698234
null2_198	1	534	D	d	-0.0271368	0.022283	1.4831	-0.301288	0.10325	1	370.358	1	0	0.223291
null2_199	1	535	D	d	0.0389921	0.0140846	7.66409	0.825815	0.37525	1	937.75	1	0	0.00563307
null2_200	1	536	D	d	-0.0089482	0.0147196	0.369558	-0.697924	0.32575	1	878.548	2	0	0.543246
null2_201	1	537	d	D	-0.00204799	0.0138632	0.0218236	-0.796745	0.577	1	976.284	2	0	0.882557
null2_202	1	538	d	D	-0.0363485	0.0378891	0.920331	-0.229268	0.96775	1	124.84	2	0	0.337388
null2_203	1	539	d	D	-0.000308476	0.015218	0.00041089	-0.7619	0.71925	1	807.718	2	0	0.983828
null2_204	1	540	d	D	-0.0282507	0.024968	1.28024	-0.300717	0.9155	1	309.439	2	0	0.257855
null2_205	1	541	d	D	-0.00625438	0.0342615	0.0333239	-0.42822	0.958	1	160.944	2	0	0.855152
null2_206	1	542	d	D	-0.0316883	0.0264425	1.43613	-0.249201	0.9295	1	262.119	2	0	0.230767
null2_207	1	543	D	d	0.0172582	0.0146899	1.38023	-0.485215	0.316	1	864.576	2	0	0.240062
null2_208	1	544	D	d	0.0169481	0.0202559	0.700064	-0.498425	0.13025	1	453.14	2	0	0.402762
null2_209	1	545	D	d	-0.0191468	0.0299704	0.40814	-0.406332	0.056	1	211.456	2	0	0.522915
null2_210	1	546	d	D	-0.00355745	0.0182713	0.0379089	-0.677534	0.835	1	551.1	2	0	0.845626
null2_211	1	547	d	D	0.0161631	0.0137648	1.37882	-0.512024	0.569	1	980.956	1	0	0.240302
null2_212	1	548	D	d	0.00169125	0.0205726	0.00675825	-0.634975	0.12725	1	444.23	1	0	0.934481
null2_213	1	549	D	d	-0.057891	0.0180306	10.3086	1.45165	0.18325	1	598.678	1	0	0.00132408
null2_214	1	550	D	d	0.00399078	0.0146287	0.0744228	-0.76291	0.3415	1	899.511	1	0	0.785003
null2_215	1	551	d	D	-0.000814442	0.0142763	0.00325452	-0.788258	0.61075	1	950.938	1	0	0.954507
null2_216	1	552	d	D	-0.0162753	0.0319076	0.260179	-0.411648	0.953	1	179.164	1	0	0.609997
null2_217	1	553	D	d	-0.0100091	0.0180737	0.306685	-0.62604	0.16975	1	563.74	1	0	0.579722
null2_218	1	554	D	d	0.0069613	0.0150732	0.213289	-0.720997	0.31325	1	860.498	1	0	0.644202
null2_219	1	555	d	D	-0.00338268	0.0178168	0.0360464	-0.68839	0.812	1	610.624	1	0	0.84942
null2_220	1	556	D	d	-0.00933343	0.015818	0.34816	-0.672449	0.251	1	751.996	1	0	0.555156
null2_221	1	557	D	d	-0.0228176	0.0139428	2.67817	-0.231627	0.473	1	997.084	1	0	0.101732
null2_222	1	558	d	D	0.0204871	0.0196038	1.09215	-0.430373	0.856	1	493.056	1	0	0.295995
null2_223	1	559	d	D	-0.00411611	0.013897	0.0877263	-0.781742	0.576	1	976.896	1	0	0.767088
null2_224	1	560	D	d	0.0144552	0.0136749	1.11737	-0.570145	0.4285	1	979.551	1	0	0.290485
null2_225	1	561	d	D	-0.0199673	0.0196003	1.0378	-0.44168	0.86275	1	473.65	1	0	0.308334
null2_226	1	562	d	D	-0.158335	0.0718032	4.86254	0.430114	0.99075	1	36.6577	0	0	0.0274458
null2_227	1	563	d	D	-0.00594441	0.0136357	0.190049	-0.768055	0.509	1	999.676	1	0	0.662876
null2_228	1	564	D	d	0.0248021	0.0431475	0.330418	-0.293324	0.0255	1	99.399	1	0	0.565413
null2_229	1	565	d	D	0.0419731	0.0280518	2.23883	-0.0710551	0.937	1	236.124	1	0	0.134583
null2_230	1	566	D	d	-0.0421259	0.0271035	2.41572	-0.0468289	0.06875	1	256.094	1	0	0.120123
null2_231	1	567	D	d	-0.017785	0.0195277	0.829481	-0.486226	0.14875	1	506.494	1	0	0.362423
null2_232	1	568	D	d	0.00366128	0.0140118	0.0682779	-0.782391	0.4475	1	988.975	1	0	0.793861
null2_233	1	569	d	D	0.0305442	0.0177104	2.97441	-0.0780112	0.81175	1	611.248	2	0	0.0845908
null2_234	1	570	d	D	0.00134996	0.0142371	0.00899075	-0.788207	0.61675	1	945.478	2	0	0.924458
null2_235	1	571	d	D	-0.0186441	0.0138408	1.81453	-0.417453	0.58525	1	970.93	2	0	0.177966
null2_236	1	572	d	D	-0.00835659	0.0140007	0.356255	-0.721699	0.578	1	975.664	2	0	0.550594
null2_237	1	573	D	d	0.00613477	0.0256503	0.0572022	-0.535461	0.07725	1	285.13	2	0	0.810974
null2_238	1	574	d	D	0.0123955	0.0189168	0.429375	-0.581893	0.8485	1	514.191	2	0	0.512296
null2_239	1	575	D	d	0.029893	0.0216125	1.91307	-0.224699	0.111	1	394.716	2	0	0.166623
null2_240	1	576	d	D	0.00209452	0.0280398	0.00557982	-0.510502	0.9355	1	241.359	2	0	0.940455
null2_241	1	577	D	d	-0.0178963	0.0139484	1.64617	-0.449978	0.44625	1	988.444	2	0	0.199482
null2_242	1	578	D	d	0.00256495	0.0165858	0.0239158	-0.72081	0.22325	1	693.638	2	0	0.877099
null2_243	1	579	d	D	-0.00642123	0.0200427	0.102642	-0.625924	0.86	1	481.6	2	0	0.748682
null2_244	1	580	D	d	0.0207194	0.01459	2.01671	-0.353508	0.32175	1	872.908	1	0	0.155576
null2_245	1	581	D	d	-0.00893116	0.0134603	0.44026	-0.720395	0.48725	1	999.35	1	0	0.506997
null2_246	1	582	D	d	-0.00229951	0.0146899	0.0245038	-0.771704	0.341	1	898.876	1	0	0.87561
null2_247	1	583	d	D	-0.00362229	0.01971	0.0337748	-0.647033	0.85775	1	488.06	1	0	0.854187
null2_248	1	584	D	d	0.000943144	0.0188157	0.00251254	-0.67271	0.1635	1	547.071	1	0	0.960023
null2_249	1	585	D	d	0.0283227	0.02755	1.05688	-0.309871	0.066	1	246.576	1	0	0.303928
null2_250	1	586	d	D	-0.0132665	0.0249479	0.282775	-0.501225	0.919	1	297.756	1	0	0.594888
null2_251	1	587	d	D	0.0072055	0.0189897	0.143976	-0.639542	0.84325	1	528.718	1	0	0.70436
null2_252	1	588	D	d	-0.0111885	0.0138145	0.655951	-0.663772	0.434	1	982.576	1	0	0.417993
null2_253	1	589	D	d	0.00434704	0.015844	0.0752761	-0.729185	0.25675	1	763.318	2	0	0.783804
null2_254	1	590	d	D	0.00312849	0.0134412	0.0541744	-0.802969	0.52775	1	996.92	2	0	0.815952
null2_255	1	591	d	D	0.0151309	0.0166418	0.826673	-0.551071	0.78275	1	680.21	2	0	0.363236
null2_256	1	592	d	D	-0.0324788	0.0225269	2.07872	-0.176067	0.896	1	372.736	2	0	0.149365
null2_257	1	593	d	D	-0.00112259	0.0145153	0.00598116	-0.780666	0.68	1	870.4	2	0	0.938355
null2_258	1	594	d	D	-0.0118573	0.0272352	0.189546	-0.485565	0.932	1	253.504	2	0	0.663295
null2_259	1	595	d	D	0.0141075	0.0265703	0.281908	-0.476834	0.92825	1	266.408	2	0	0.595453
null2_260	1	596	d	D	0.0104272	0.0145437	0.514028	-0.672396	0.66275	1	894.05	2	0	0.4734
null2_261	1	597	D	d	-0.0538139	0.0759611	0.501887	-0.119272	0.00775	1	30.7598	0	0	0.478672
null2_262	1	598	d	D	-0.00788382	0.0176489	0.199544	-0.658193	0.81275	1	608.75	2	0	0.655089
null2_263	1	599	d	D	-0.00491058	0.0139291	0.124285	-0.773018	0.61275	1	949.15	2	0	0.724433
null2_264	1	600	D	d	-0.00529745	0.0162826	0.105849	-0.711326	0.23375	1	716.444	1	0	0.744921
null2_265	1	601	d	D	-0.0236144	0.0228287	1.07002	-0.376314	0.8975	1	367.975	1	0	0.300941
null2_266	1	602	d	D	-0.0211187	0.0204208	1.06952	-0.419129	0.8705	1	450.919	1	0	0.301055
null2_267	1	603	D	d	0.0244578	0.0176328	1.92394	-0.298687	0.18025	1	591.04	1	0	0.165423
null2_268	1	604	D	d	-0.00292569	0.0234331	0.0155882	-0.580087	0.095	1	343.9	1	0	0.90064
null2_269	1	605	D	d	0.0149738	0.0283347	0.27927	-0.45263	0.0615	1	230.871	1	0	0.59718
null2_270	1	606	d	D	0.0285514	0.0281688	1.02735	-0.307799	0.93425	1	245.708	1	0	0.310782
null2_271	1	607	D	d	0.000398816	0.0173035	0.000531223	-0.707995	0.19175	1	619.928	1	0	0.981612
null2_272	1	608	D	d	-0.0209111	0.0241086	0.752329	-0.419948	0.08675	1	316.898	1	0	0.38574
null2_273	1	609	D	d	-0.0015629	0.0242213	0.00416358	-0.569049	0.0895	1	325.959	1	0	0.948552
null2_274	1	610	D	d	-0.00311807	0.0145878	0.045687	-0.770166	0.32075	1	871.478	1	0	0.830746
null2_275	1	611	d	D	0.00477216	0.0180468	0.0699241	-0.675994	0.82725	1	571.63	1	0	0.791447
null2_276	1	612	D	d	0.0030654	0.0479723	0.00408312	-0.314139	0.02075	1	81.2777	1	0	0.94905
null2_277	1	613	d	D	-0.0148786	0.0145137	1.05092	-0.559733	0.66525	1	890.77	1	0	0.305294
null2_278	1	614	D	d	0.0130383	0.0138509	0.886111	-0.613891	0.44625	1	988.444	1	0	0.346533
null2_279	1	615	D	d	-0.00285066	0.0139483	0.0417688	-0.789929	0.39375	1	954.844	1	0	0.838061
null2_280	1	616	D	d	-0.00507511	0.013802	0.13521	-0.774572	0.39	1	951.6	1	0	0.71309
null2_281	1	617	D	d	0.0129974	0.0136955	0.900658	-0.615481	0.485	1	999.1	1	0	0.342605
null2_282	1	618	D	d	-0.0138523	0.0157326	0.775253	-0.584811	0.2495	1	748.999	1	0	0.378597
null2_283	1	619	d	D	0.00314049	0.0146401	0.0460155	-0.768586	0.67725	1	874.33	1	0	0.830148
null2_284	1	620	d	D	-0.0150669	0.0136132	1.22496	-0.549188	0.52925	1	996.578	1	0	0.268389
null2_285	1	621	D	d	0.0208285	0.0152699	1.86055	-0.36832	0.28125	1	808.594	1	0	0.172562
null2_286	1	622	D	d	0.00403135	0.0194502	0.042959	-0.650606	0.144	1	493.056	1	0	0.835803
null2_287	1	623	D	d	-0.0210263	0.0167828	1.56963	-0.392015	0.211	1	665.916	1	0	0.210261
null2_288	1	624	d	D	0.0357663	0.0246905	2.09839	-0.14037	0.916	1	307.776	2	0	0.147454
null2_289	1	625	D	d	0.00290715	0.0147733	0.0387239	-0.76631	0.2975	1	835.975	2	0	0.843997
null2_290	1	626	d	D	-0.0444959	0.105518	0.177821	-0.0963419	0.99575	1	16.9277	0	0	0.673252
null2_291	1	627	d	D	0.0213344	0.0167562	1.62111	-0.381861	0.78175	1	682.468	2	0	0.202938
null2_292	1	628	D	d	0.00346209	0.0141397	0.0599513	-0.780317	0.38475	1	946.87	2	0	0.806573
null2_293	1	629	d	D	-0.0373671	0.0328371	1.29493	-0.204389	0.9525	1	180.975	2	0	0.255141
null2_294	1	630	d	D	0.0164414	0.0145836	1.27101	-0.511245	0.6605	1	896.959	2	0	0.259578
null2_295	1	631	d	D	-0.150754	0.137302	1.20555	0.00180981	0.9975	1	9.975	0	0	0.272215
null2_296	1	632	d	D	0.0171628	0.0253792	0.457321	-0.459561	0.922	1	287.664	2	0	0.498879
null2_297	1	633	d	D	-0.0143546	0.026802	0.286847	-0.472494	0.92775	1	268.12	2	0	0.592248
null2_298	1	634	D	d	0.0198763	0.0155075	1.64282	-0.408029	0.2665	1	781.911	2	0	0.199939
null2_299	1	635	D	d	-0.00842353	0.013842	0.370333	-0.723497	0.41225	1	969.2	1	0	0.542823
null2_300	1	636	D	d	-0.00484538	0.060313	0.00645407	-0.242187	0.01325	1	52.2978	1	0	0.935969
null2_301	1	637	d	D	-0.0137402	0.0158588	0.75066	-0.586708	0.75125	1	747.494	1	0	0.386267
null2_302	1	638	D	d	-0.00743011	0.0141136	0.277152	-0.735087	0.394	1	955.056	2	0	0.598574
null2_303	1	639	D	d	0.0158303	0.0151137	1.09707	-0.533414	0.293	1	828.604	2	0	0.294909
null2_304	1	640	d	D	0.0357683	0.026571	1.81209	-0.172854	0.9255	1	275.799	2	0	0.178257
null2_305	1	641	d	D	-0.0360933	0.0950352	0.144239	-0.117135	0.99475	1	20.8897	0	0	0.704103
null2_306	1	642	D	d	0.000575349	0.014696	0.00153273	-0.776384	0.3455	1	904.519	2	0	0.968771
null2_307	1	643	d	D	0.0315899	0.0159534	3.92091	0.0817124	0.75075	1	748.498	2	0	0.0476892
null2_308	1	644	d	D	0.0259754	0.014167	3.36177	-0.0807841	0.63575	1	926.288	2	0	0.0667262
null2_309	1	645	d	D	-0.022969	0.0191476	1.43899	-0.36774	0.84775	1	516.28	2	0	0.230304
null2_310	1	646	D	d	0.029561	0.0229775	1.65513	-0.255073	0.1005	1	361.599	2	0	0.198262
null2_311	1	647	d	D	-0.0036064	0.0144313	0.0624504	-0.771169	0.64825	1	912.088	2	0	0.802664
null2_312	1	648	d	D	-0.00027319	0.0143212	0.000363888	-0.787544	0.65325	1	906.058	2	0	0.984781
null2_313	1	649	d	D	-0.0156943	0.0178416	0.773775	-0.533936	0.82125	1	587.194	1	0	0.379052
null2_314	1	650	d	D	0.00730158	0.0137476	0.282085	-0.745085	0.53175	1	995.968	1	0	0.595338
null2_315	1	651	d	D	-0.0347813	0.0195805	3.15533	-0.00447031	0.852	1	504.384	1	0	0.0756794
null2_316	1	652	d	D	-0.00807862	0.0162377	0.247527	-0.682717	0.76675	1	715.378	1	0	0.618822
null2_317	1	653	d	D	-0.00939533	0.0146185	0.413067	-0.691606	0.67425	1	878.548	1	0	0.520417
null2_318	1	654	d	D	0.015734	0.0145193	1.17432	-0.533486	0.674	1	878.896	1	0	0.278515
null2_319	1	655	D	d	-0.00959896	0.0212216	0.204594	-0.581647	0.119	1	419.356	1	0	0.651038
null2_320	1	656	d	D	0.00836945	0.013593	0.379108	-0.729254	0.5505	1	989.799	1	0	0.538081
null2_321	1	657	D	d	0.0254106	0.0140853	3.2546	-0.105685	0.367	1	929.244	1	0	0.0712235
null2_322	1	658	d	D	0.0429405	0.013778	9.71324	1.25093	0.52975	1	996.46	1	0	0.00182945
null2_323	1	659	D	d	-0.017372	0.015682	1.22715	-0.491024	0.27025	1	788.86	1	0	0.267962
null2_324	1	660	D	d	-0.0168831	0.0198985	0.719882	-0.501407	0.137	1	472.924	1	0	0.396182
null2_325	1	661	D	d	0.0240468	0.0137748	3.04753	-0.158194	0.40825	1	966.328	1	0	0.0808601
null2_326	1	662	d	D	0.00866585	0.0138316	0.392536	-0.719105	0.5435	1	992.431	1	0	0.530969
null2_327	1	663	d	D	0.0208569	0.0143462	2.11362	-0.339748	0.623	1	939.484	1	0	0.145993
null2_328	1	664	d	D	-0.00371021	0.0141051	0.0691905	-0.779393	0.5365	1	994.671	1	0	0.792519
null2_329	1	665	D	d	-0.0153157	0.0148662	1.06139	-0.547689	0.33	1	884.4	1	0	0.302898
dis2_0	1	666	d	D	-0.0554166	0.0135112	16.8226	2.74333	0.5175	1	998.775	2	0	4.10409e-05
dis2_1	1	667	d	D	-0.0788218	0.0150417	27.4599	4.98722	0.7285	1	791.151	2	0	1.6039e-07
dis2_2	1	668	d	D	-0.0717752	0.0135601	28.0171	5.09229	0.52825	1	996.808	2	0	1.20245e-07
dis2_3	1	669	d	D	-0.0697672	0.0186212	14.0374	2.22889	0.8465	1	519.751	2	0	0.000179209
dis2_4	1	670	d	D	-0.0605786	0.0136989	19.5553	3.32097	0.538	1	994.224	2	0	9.7728e-06
null3_0	1	671	d	D	0.00244322	0.0151419	0.0260353	-0.758605	0.724	1	799.296	2	0	0.871814
null3_1	1	672	d	D	-0.0117103	0.0136743	0.733383	-0.651601	0.55875	1	986.194	2	0	0.391789
null3_2	1	673	D	d	-0.0334771	0.0181696	3.39471	0.0187402	0.166	1	553.776	2	0	0.0654058
null3_3	1	674	d	D	-0.00441614	0.0139648	0.100004	-0.777086	0.60525	1	955.69	2	0	0.751825
null3_4	1	675	D	d	-0.00547611	0.0177829	0.0948287	-0.676917	0.18625	1	606.244	2	0	0.758126
null3_5	1	676	D	d	-0.00930184	0.0278547	0.111517	-0.492226	0.06625	1	247.444	2	0	0.738424
null3_6	1	677	D	d	-0.00815193	0.0140495	0.336666	-0.724389	0.41175	1	968.848	1	0	0.56176
null3_7	1	678	D	d	0.00573058	0.0159077	0.129772	-0.716037	0.25675	1	763.318	1	0	0.718669
null3_8	1	679	d	D	0.00952519	0.0267406	0.126884	-0.50514	0.9315	1	255.231	1	0	0.721685
null3_9	1	680	d	D	0.00805582	0.0178404	0.203898	-0.652824	0.81925	1	592.318	1	0	0.651593
null3_10	1	681	d	D	-0.0223885	0.0282867	0.626447	-0.385067	0.93825	1	231.748	1	0	0.428662
null3_11	1	682	d	D	0.0223355	0.0140366	2.53203	-0.25991	0.59975	1	960.2	1	0	0.111556
null3_12	1	683	d	D	-0.0101352	0.0159242	0.405083	-0.657696	0.7495	1	750.999	1	0	0.524476
null3_13	1	684	d	D	0.023239	0.017336	1.79697	-0.33176	0.8025	1	633.975	1	0	0.180079
null3_14	1	685	d	D	0.00503055	0.0137412	0.134023	-0.776686	0.503	1	999.964	1	0	0.714297
null3_15	1	686	D	d	0.015007	0.0138147	1.18007	-0.552667	0.38925	1	950.938	1	0	0.277343
null3_16	1	687	d	D	-0.0302244	0.0206803	2.136	-0.195007	0.87125	1	448.694	1	0	0.143876
null3_17	1	688	D	d	0.00555591	0.0140929	0.155422	-0.761491	0.43475	1	982.97	1	0	0.693407
null3_18	1	689	d	D	-0.00803859	0.0137317	0.342695	-0.732715	0.54	1	993.6	1	0	0.558277
null3_19	1	690	D	d	0.000863894	0.025467	0.00115071	-0.549532	0.07875	1	290.194	1	0	0.972939
null3_20	1	691	d	D	0.0021594	0.0164375	0.0172581	-0.725966	0.7705	1	707.319	1	0	0.895483
null3_21	1	692	D	d	0.000759965	0.0137906	0.00303682	-0.802952	0.49625	1	999.944	1	0	0.956053
null3_22	1	693	d	D	0.00963027	0.0177285	0.295077	-0.636395	0.82325	1	582.038	1	0	0.586986
null3_23	1	694	d	D	-0.00478648	0.0180739	0.0701339	-0.675329	0.83175	1	559.768	1	0	0.791142
null3_24	1	695	d	D	-0.00825484	0.0139152	0.351916	-0.725187	0.603	1	957.564	1	0	0.55303
null3_25	1	696	D	d	0.0109097	0.0152955	0.508739	-0.652568	0.27225	1	792.52	1	0	0.475685
null3_26	1	697	D	d	-0.0125841	0.0141751	0.788128	-0.625065	0.39675	1	957.358	1	0	0.374667
null3_27	1	698	d	D	-0.0118368	0.0138965	0.725525	-0.646561	0.5675	1	981.775	1	0	0.394338
null3_28	1	699	d	D	0.0131822	0.015927	0.685022	-0.598751	0.74325	1	763.318	1	0	0.407863
null3_29	1	700	D	d	0.029346	0.0144704	4.11278	0.0859435	0.31275	1	859.75	1	0	0.0425603
null3_30	1	701	D	d	-8.58934e-17	0.108743	-9.08585e-13	-0.106743	0.004	1	15.936	0	0	1
null3_31	1	702	D	d	0.0143566	0.0162105	0.784348	-0.570652	0.24775	1	745.48	1	0	0.375815
null3_32	1	703	D	d	0.0283008	0.029747	0.90513	-0.312465	0.057	1	215.004	1	0	0.34141
null3_33	1	704	d	D	-0.00159643	0.0141334	0.0127587	-0.790502	0.5745	1	977.799	1	0	0.910067
null3_34	1	705	D	d	-0.00192906	0.0143837	0.0179867	-0.781975	0.34275	1	901.09	2	0	0.893312
null3_35	1	706	d	D	0.00476425	0.0159835	0.0888477	-0.722657	0.7705	1	707.319	2	0	0.765647
null3_36	1	707	d	D	0.0037664	0.0160328	0.0551869	-0.728445	0.76525	1	718.57	2	0	0.814272
null3_37	1	708	d	D	0.0330613	0.0266199	1.54251	-0.225753	0.92725	1	269.83	2	0	0.214245
null3_38	1	709	d	D	-0.00654845	0.0187387	0.122123	-0.649563	0.8405	1	536.239	2	0	0.726743
null3_39	1	710	d	D	0.0445715	0.017656	6.37277	0.628593	0.80225	1	634.58	2	0	0.0115885
null3_40	1	711	d	D	0.0197298	0.0134328	2.15729	-0.35686	0.5295	1	996.519	2	0	0.141894
null3_41	1	712	D	d	0.0276864	0.0136089	4.13892	0.068243	0.422	1	975.664	2	0	0.0419079
null3_42	1	713	d	D	-0.0317581	0.0772017	0.169222	-0.156506	0.992	1	31.744	0	0	0.680804
null3_43	1	714	D	d	0.0153712	0.0160102	0.921776	-0.546848	0.23375	1	716.444	2	0	0.337009
null3_44	1	715	d	D	-0.00432249	0.023256	0.034546	-0.57931	0.9085	1	332.511	2	0	0.85255
null3_45	1	716	D	d	0.00850728	0.0145897	0.340009	-0.707876	0.3245	1	876.799	1	0	0.559824
null3_46	1	717	d	D	0.00680458	0.0163966	0.172225	-0.694477	0.77725	1	692.53	1	0	0.678142
null3_47	1	718	d	D	-0.000333326	0.0158191	0.000443991	-0.745592	0.73425	1	780.508	1	0	0.983189
null3_48	1	719	D	d	0.00322036	0.0163898	0.0386064	-0.722701	0.21975	1	685.84	1	0	0.84423
null3_49	1	720	d	D	-0.00959	0.015755	0.370511	-0.669404	0.74925	1	751.498	1	0	0.542726
null3_50	1	721	D	d	0.00447515	0.0167322	0.0715334	-0.707148	0.198	1	635.184	1	0	0.789117
null3_51	1	722	d	D	-0.00409353	0.0138589	0.0872451	-0.783006	0.566	1	982.576	1	0	0.767709
null3_52	1	723	d	D	0.0104079	0.0156245	0.443724	-0.657443	0.737	1	775.324	1	0	0.50533
null3_53	1	724	d	D	0.0235656	0.0142505	2.73461	-0.211098	0.63325	1	928.978	1	0	0.0981952
null3_54	1	725	D	d	-0.0341983	0.0210256	2.64552	-0.084507	0.1245	1	435.999	1	0	0.103842
null3_55	1	726	d	D	0.0268986	0.0180375	2.22387	-0.227531	0.8205	1	589.119	1	0	0.135892
null3_56	1	727	d	D	0.0148493	0.0175943	0.712309	-0.552405	0.817	1	598.044	1	0	0.398678
null3_57	1	728	d	D	0.0110213	0.0142039	0.602075	-0.663612	0.63275	1	929.51	1	0	0.437787
null3_58	1	729	d	D	0.0741598	0.10551	0.494026	-0.0686706	0.99575	1	16.9277	0	0	0.482137
null3_59	1	730	D	d	0.00323096	0.0164168	0.0387335	-0.721987	0.22875	1	705.694	2	0	0.843978
null3_60	1	731	d	D	-0.0347496	0.0221727	2.4562	-0.10474	0.88725	1	400.15	2	0	0.117062
null3_61	1	732	D	d	0.0199023	0.0169452	1.37946	-0.428017	0.199	1	637.596	2	0	0.240193
null3_62	1	733	D	d	-0.0124892	0.0136912	0.832129	-0.630145	0.4565	1	992.431	2	0	0.361658
null3_63	1	734	d	D	-1.83735e-17	0.0139476	-9.08585e-13	-0.798804	0.62	1	942.4	2	0	1
null3_64	1	735	d	D	-0.01707	0.0194107	0.773365	-0.500227	0.8525	1	502.975	2	0	0.379178
null3_65	1	736	d	D	-0.00765443	0.0148658	0.265123	-0.715854	0.7015	1	837.591	2	0	0.606622
null3_66	1	737	D	d	-0.00492256	0.0202636	0.0590134	-0.630427	0.13225	1	459.04	2	0	0.808062
null3_67	1	738	d	D	0.0790798	0.0519179	2.32005	0.0818219	0.9825	1	68.775	2	0	0.127716
null3_68	1	739	D	d	0.0165482	0.0309116	0.28659	-0.418358	0.05075	1	192.698	2	0	0.592414
null3_69	1	740	d	D	-0.021689	0.0150306	2.08223	-0.327858	0.681	1	868.956	2	0	0.149022
null3_70	1	741	d	D	0.0096714	0.0170407	0.322109	-0.647066	0.80675	1	623.618	1	0	0.570343
null3_71	1	742	D	d	-0.0112335	0.0140024	0.64362	-0.66076	0.36675	1	928.978	1	0	0.422403
null3_72	1	743	d	D	-0.0018769	0.0141879	0.0175004	-0.787869	0.60875	1	952.694	1	0	0.894756
null3_73	1	744	d	D	-0.0410711	0.0438895	0.875692	-0.193482	0.976	1	93.696	1	0	0.349384
null3_74	1	745	D	d	-0.0139742	0.0273728	0.260624	-0.469555	0.0685	1	255.231	1	0	0.609691
null3_75	1	746	D	d	0.0697156	0.0660239	1.11496	-0.0641513	0.011	1	43.516	1	0	0.291007
null3_76	1	747	D	d	0.0100643	0.0135734	0.549781	-0.693644	0.49175	1	999.728	1	0	0.458407
null3_77	1	748	D	d	0.00436472	0.0138832	0.0988397	-0.779805	0.39675	1	957.358	1	0	0.753226
null3_78	1	749	d	D	0.0140165	0.0158255	0.784446	-0.580463	0.7605	1	728.559	1	0	0.375785
null3_79	1	750	D	d	0.0123227	0.0192347	0.410429	-0.579053	0.15075	1	512.098	1	0	0.521752
null3_80	1	751	D	d	-0.00290106	0.0155561	0.0347785	-0.745409	0.25725	1	764.29	1	0	0.852061
null3_81	1	752	D	d	-0.00206009	0.0139041	0.0219525	-0.795471	0.414	1	970.416	1	0	0.882213
null3_82	1	753	D	d	0.00579242	0.0176239	0.108023	-0.677891	0.1955	1	629.119	1	0	0.742406
null3_84	1	755	d	D	-0.0169205	0.0796956	0.0450772	-0.16412	0.9925	1	29.775	0	0	0.831862
null3_85	1	756	d	D	-0.0214534	0.023979	0.800448	-0.412289	0.908	1	334.144	1	0	0.370959
null3_86	1	757	D	d	0.0582576	0.0558782	1.08698	-0.0991543	0.0155	1	61.039	1	0	0.297142
null3_87	1	758	D	d	-0.000525609	0.0140464	0.00140022	-0.79552	0.3845	1	946.639	1	0	0.97015
null3_88	1	759	D	d	-0.00692752	0.0174902	0.156879	-0.670845	0.18825	1	611.248	1	0	0.692046
null3_89	1	760	d	D	0.014022	0.059236	0.0560334	-0.24013	0.98625	1	54.2438	1	0	0.812879
null3_90	1	761	d	D	0.0115465	0.0164568	0.492281	-0.625781	0.762	1	725.424	1	0	0.482911
null3_91	1	762	d	D	0.0322928	0.0158751	4.1379	0.125465	0.76	1	729.6	1	0	0.0419333
null3_92	1	763	d	D	0.0123314	0.0170068	0.525751	-0.605256	0.784	1	677.376	1	0	0.468399
null3_93	1	764	d	D	-1.12249e-17	0.0148809	-9.08585e-13	-0.77143	0.702	1	836.784	2	0	1
null3_94	1	765	D	d	0.000299353	0.0149913	0.000398738	-0.768229	0.30575	1	849.068	2	0	0.984069
null3_95	1	766	D	d	-0.000844713	0.0145392	0.00337548	-0.780522	0.36075	1	922.438	2	0	0.95367
null3_96	1	767	D	d	-0.0249075	0.0298351	0.696957	-0.351878	0.05725	1	215.89	2	0	0.403808
null3_97	1	768	D	d	-0.113148	0.0728197	2.41432	0.115763	0.009	1	35.676	0	0	0.12023
null3_98	1	769	D	d	-0.0196334	0.0135667	2.09433	-0.366222	0.446	1	988.336	2	0	0.147847
null3_99	1	770	D	d	0.00840255	0.0136199	0.380607	-0.728108	0.4255	1	977.799	2	0	0.537279
null3_100	1	771	d	D	0.00917215	0.0136406	0.452143	-0.712291	0.52375	1	997.744	2	0	0.501319
null3_101	1	772	d	D	-0.0151844	0.0155702	0.951058	-0.552047	0.75475	1	740.41	2	0	0.32945
null3_102	1	773	d	D	0.0152279	0.0192007	0.628987	-0.534478	0.84425	1	525.968	2	0	0.427727
null3_103	1	774	D	d	0.000640567	0.0155065	0.00170647	-0.753719	0.2805	1	807.279	2	0	0.967049
null3_104	1	775	D	d	0.0180636	0.0254089	0.505403	-0.449484	0.07775	1	286.82	1	0	0.477136
null3_105	1	776	D	d	0.0303172	0.0209104	2.1021	-0.197952	0.12	1	422.4	1	0	0.147097
null3_106	1	777	D	d	0.00123787	0.0136333	0.00824424	-0.806709	0.48775	1	999.4	1	0	0.927653
null3_107	1	778	d	D	-0.0183075	0.0152574	1.43979	-0.457319	0.71775	1	810.34	1	0	0.230174
null3_108	1	779	D	d	0.0313637	0.0138748	5.10976	0.280948	0.4315	1	981.231	1	0	0.0237916
null3_109	1	780	d	D	-0.0222928	0.0197223	1.27766	-0.389687	0.85475	1	496.61	1	0	0.258335
null3_110	1	781	D	d	-0.0359199	0.0149692	5.75798	0.44508	0.301	1	841.596	1	0	0.0164139
null3_111	1	782	D	d	-0.0753773	0.0304114	6.14339	0.707126	0.05325	1	201.658	1	0	0.0131904
null3_112	1	783	d	D	0.00103439	0.0139335	0.00551125	-0.798064	0.534	1	995.376	1	0	0.940821
null3_113	1	784	D	d	0.0333087	0.013903	5.73981	0.414888	0.41575	1	971.608	1	0	0.0165846
null3_114	1	785	D	d	-0.0172488	0.0134996	1.63258	-0.466158	0.47275	1	997.03	1	0	0.201346
null3_115	1	786	d	D	-0.0231793	0.0287818	0.648581	-0.374353	0.93825	1	231.748	1	0	0.42062
null3_116	1	787	D	d	-0.0363832	0.0279242	1.69763	-0.178957	0.06175	1	231.748	1	0	0.192599
null3_117	1	788	D	d	-0.0211661	0.0155093	1.86248	-0.361736	0.2675	1	783.775	1	0	0.172338
null3_118	1	789	D	d	-0.021096	0.0174456	1.46226	-0.399202	0.189	1	613.116	1	0	0.226571
null3_119	1	790	d	D	-0.0148863	0.0305158	0.23797	-0.432576	0.947	1	200.764	1	0	0.625676
null3_120	1	791	d	D	0.0183715	0.0587192	0.0978884	-0.236447	0.986	1	55.216	1	0	0.754379
null3_121	1	792	D	d	0.0249018	0.0145648	2.92315	-0.162745	0.354	1	914.736	1	0	0.087317
null3_122	1	793	d	D	0.00158041	0.0140623	0.0126308	-0.792661	0.6145	1	947.559	1	0	0.910517
null3_123	1	794	d	D	-0.0089947	0.0138887	0.419421	-0.711677	0.58675	1	969.898	1	0	0.517226
null3_124	1	795	d	D	0.0121595	0.0142404	0.729109	-0.635654	0.63775	1	924.1	1	0	0.393172
null3_125	1	796	d	D	-0.0230909	0.0137925	2.80282	-0.20951	0.55675	1	987.118	1	0	0.0940985
null3_126	1	797	d	D	-0.0242884	0.0168706	2.07268	-0.284658	0.784	1	677.376	1	0	0.149958
null3_127	1	798	D	d	0.0142712	0.0170138	0.703588	-0.56786	0.19775	1	634.58	1	0	0.401581
null3_128	1	799	D	d	3.83056e-17	0.0318029	-9.08585e-13	-0.462726	0.048	1	182.784	1	0	1
null3_129	1	800	D	d	-0.00856465	0.0141739	0.365126	-0.714666	0.421	1	975.036	1	0	0.545673
null3_130	1	801	d	D	-0.00290262	0.0269514	0.0115989	-0.524922	0.92875	1	264.694	1	0	0.914235
null3_131	1	802	D	d	0.00522003	0.0139976	0.139071	-0.767814	0.363	1	924.924	1	0	0.709206
null3_132	1	803	d	D	0.00555849	0.0156671	0.125874	-0.723239	0.73675	1	775.798	2	0	0.722748
null3_133	1	804	d	D	0.00966721	0.017037	0.32197	-0.647184	0.79675	1	647.758	2	0	0.570426
null3_134	1	805	D	d	0.0052958	0.0134427	0.1552	-0.78147	0.4695	1	996.279	2	0	0.693614
null3_135	1	806	d	D	0.0117546	0.026053	0.203563	-0.500089	0.92375	1	281.744	2	0	0.65186
null3_136	1	807	D	d	-0.0120232	0.0148352	0.656826	-0.633979	0.32025	1	870.76	2	0	0.417683
null3_137	1	808	D	d	-0.00578043	0.0159768	0.130901	-0.713989	0.24025	1	730.12	2	0	0.7175
null3_138	1	809	d	D	0.0235061	0.0218329	1.15914	-0.375052	0.89075	1	389.258	2	0	0.281643
null3_139	1	810	D	d	-0.00446418	0.0149473	0.0891983	-0.750715	0.30475	1	847.51	2	0	0.765199
null3_140	1	811	D	d	-0.0188472	0.0140123	1.80916	-0.413615	0.463	1	994.524	2	0	0.178609
null3_141	1	812	d	D	-0.0398067	0.0377133	1.11409	-0.195314	0.96625	1	130.444	2	0	0.291194
null3_142	1	813	D	d	-0.0378729	0.0197174	3.6894	0.108174	0.13925	1	479.438	2	0	0.0547592
null3_143	1	814	d	D	0.0106091	0.01467	0.522994	-0.666904	0.67575	1	876.448	1	0	0.469567
null3_144	1	815	d	D	-0.0835841	0.177121	0.222693	-0.0372395	0.9985	1	5.991	0	0	0.636996
null3_145	1	816	D	d	0.0521869	0.0239751	4.73809	0.381745	0.091	1	330.876	1	0	0.0295017
null3_146	1	817	d	D	0.00337248	0.0145253	0.0539072	-0.770237	0.666	1	889.776	1	0	0.816399
null3_147	1	818	D	d	0.0271299	0.0145532	3.47519	-0.0464955	0.339	1	896.316	1	0	0.0622955
null3_148	1	819	D	d	0.0053807	0.0154145	0.121848	-0.730899	0.27275	1	793.43	1	0	0.727039
null3_149	1	820	D	d	-0.0323157	0.0357264	0.81818	-0.266822	0.03875	1	148.994	1	0	0.365713
null3_150	1	821	D	d	0.0332952	0.0151251	4.84579	0.256753	0.28075	1	807.718	1	0	0.0277137
null3_151	1	822	D	d	-0.0120779	0.0146908	0.675913	-0.633998	0.3055	1	848.679	1	0	0.410997
null3_152	1	823	d	D	-0.00155288	0.0139392	0.0124107	-0.796426	0.6275	1	934.975	1	0	0.911297
null3_153	1	824	D	d	0.00456575	0.0146364	0.09731	-0.757849	0.317	1	866.044	1	0	0.755082
null3_154	1	825	d	D	0.0341238	0.0259536	1.72871	-0.197401	0.9245	1	279.199	1	0	0.188576
null3_155	1	826	D	d	0.00802688	0.0158448	0.256636	-0.691001	0.242	1	733.744	1	0	0.61244
null3_156	1	827	d	D	0.0101181	0.0164694	0.377435	-0.649567	0.789	1	665.916	1	0	0.538979
null3_157	1	828	d	D	0.00732624	0.0331664	0.048794	-0.437486	0.95475	1	172.81	2	0	0.825175
null3_158	1	829	d	D	-0.00838012	0.020479	0.167449	-0.603755	0.87375	1	441.244	2	0	0.682389
null3_159	1	830	D	d	0.00376897	0.0237887	0.0251017	-0.572081	0.09175	1	333.328	2	0	0.874114
null3_160	1	831	d	D	0.00963125	0.0139777	0.474779	-0.69727	0.62175	1	940.708	2	0	0.490797
null3_161	1	832	D	d	-0.0118347	0.0210754	0.315325	-0.561715	0.117	1	413.244	2	0	0.574431
null3_162	1	833	D	d	0.00333214	0.0150802	0.0488237	-0.755515	0.27425	1	796.148	2	0	0.825123
null3_163	1	834	d	D	-0.00583117	0.0137957	0.17866	-0.76555	0.56975	1	980.54	2	0	0.672528
null3_164	1	835	D	d	-0.00583431	0.0147983	0.155438	-0.740937	0.325	1	877.5	2	0	0.693392
null3_165	1	836	d	D	-0.00454363	0.0137658	0.108944	-0.781251	0.5495	1	990.199	2	0	0.74135
null3_166	1	837	d	D	0.0693257	0.0760297	0.831422	-0.07864	0.99175	1	32.7277	0	0	0.361862
null3_167	1	838	D	d	-0.0236302	0.0271828	0.755697	-0.374256	0.069	1	256.956	2	0	0.384678
null3_168	1	839	d	D	-0.0137443	0.0138199	0.989093	-0.592988	0.5835	1	972.111	1	0	0.319964
null3_169	1	840	d	D	0.0085802	0.0151664	0.320058	-0.695889	0.711	1	821.916	1	0	0.571573
null3_170	1	841	D	d	0.00107964	0.0201313	0.00287616	-0.644699	0.1355	1	468.559	1	0	0.95723
null3_171	1	842	D	d	0.00578168	0.0147314	0.154036	-0.743136	0.33	1	884.4	1	0	0.694708
null3_172	1	843	d	D	0.0285579	0.0391281	0.53269	-0.289356	0.9695	1	118.279	1	0	0.465478
null3_173	1	844	D	d	-0.0123386	0.0210007	0.345194	-0.557013	0.12425	1	435.248	1	0	0.556847
null3_174	1	845	d	D	-0.0105132	0.0167878	0.392176	-0.638564	0.789	1	665.916	1	0	0.531158
null3_175	1	846	D	d	-0.00338983	0.0145626	0.0541845	-0.769097	0.325	1	877.5	1	0	0.815936
null3_176	1	847	D	d	-0.00745944	0.0141414	0.278246	-0.734028	0.357	1	918.204	1	0	0.597853
null3_177	1	848	D	d	0.103824	0.105497	0.968521	-0.0271603	0.00425	1	16.9277	0	0	0.325049
null3_178	1	849	d	D	-0.0141938	0.0159253	0.794375	-0.575802	0.7555	1	738.879	1	0	0.37278
null3_179	1	850	D	d	-0.0248797	0.014316	3.02028	-0.14892	0.34975	1	909.7	1	0	0.0822293
null3_180	1	851	D	d	0.0350818	0.0513143	0.467399	-0.217558	0.0185	1	72.631	1	0	0.494186
null3_181	1	852	d	D	-0.0242302	0.0449545	0.290513	-0.286964	0.97725	1	88.9298	1	0	0.589892
null3_182	1	853	d	D	0.00452506	0.0137376	0.108499	-0.782211	0.5685	1	981.231	1	0	0.74186
null3_183	1	854	d	D	0.00243382	0.0161562	0.0226932	-0.73206	0.76925	1	710.018	1	0	0.880258
null3_184	1	855	D	d	-0.00212023	0.0199484	0.0112966	-0.646722	0.138	1	475.824	1	0	0.915356
null3_185	1	856	D	d	-0.0113886	0.0177933	0.409663	-0.610986	0.17475	1	576.85	1	0	0.522141
null3_186	1	857	D	d	-0.0114584	0.0141418	0.656505	-0.65391	0.34475	1	903.59	1	0	0.417797
null3_187	1	858	d	D	0.0111268	0.0142717	0.607842	-0.660409	0.63775	1	924.1	1	0	0.435602
null3_188	1	859	D	d	0.0124432	0.0268052	0.215489	-0.48661	0.06875	1	256.094	1	0	0.642499
null3_189	1	860	d	D	0.0300132	0.0228814	1.72052	-0.24331	0.89825	1	365.588	1	0	0.189626
null3_190	1	861	d	D	0.00909091	0.0137674	0.436022	-0.711832	0.6	1	960	1	0	0.509049
null3_191	1	862	d	D	-0.0673011	0.0432329	2.42335	0.0713453	0.97575	1	94.6477	1	0	0.119539
null3_192	1	863	d	D	0.0198226	0.0141742	1.95579	-0.377955	0.6345	1	927.639	1	0	0.161965
null3_193	1	864	d	D	-0.0071942	0.0141426	0.258766	-0.738118	0.64175	1	919.628	1	0	0.610969
null3_194	1	865	D	d	0.0399957	0.0150557	7.05705	0.720379	0.308	1	852.544	1	0	0.0078954
null3_195	1	866	D	d	0.0129083	0.0166373	0.601965	-0.598292	0.22725	1	702.43	1	0	0.437829
null3_196	1	867	d	D	0.0176386	0.0166049	1.12838	-0.488719	0.797	1	647.164	2	0	0.288122
null3_197	1	868	d	D	-0.00150171	0.0137077	0.0120017	-0.803606	0.5435	1	992.431	2	0	0.912764
null3_198	1	869	d	D	-0.00341767	0.0146223	0.0546295	-0.767278	0.674	1	878.896	2	0	0.815195
null3_199	1	870	D	d	0.00220538	0.0287723	0.00587516	-0.500337	0.0605	1	227.359	2	0	0.938902
null3_200	1	871	D	d	-0.0196164	0.0162108	1.4643	-0.427862	0.233	1	714.844	2	0	0.226247
null3_201	1	872	d	D	0.00682482	0.0506147	0.0181815	-0.294276	0.9815	1	72.631	2	0	0.892739
null3_202	1	873	d	D	0.00422517	0.0136595	0.0956794	-0.787341	0.57675	1	976.438	2	0	0.757077
null3_203	1	874	d	D	-0.00795545	0.0206538	0.148364	-0.604219	0.8725	1	444.975	2	0	0.700103
null3_204	1	875	D	d	0.0138083	0.0160957	0.735979	-0.583721	0.235	1	719.1	2	0	0.390952
null3_205	1	876	D	d	-0.0303896	0.0174281	3.04054	-0.0701257	0.19875	1	636.994	2	0	0.0812089
null3_206	1	877	D	d	0.250501	0.216759	1.33556	0.0077789	0.001	1	3.996	0	0	0.247818
null3_207	1	878	D	d	-0.0185191	0.0148497	1.55525	-0.44388	0.31075	1	856.738	1	0	0.212361
null3_208	1	879	D	d	-0.0559927	0.023964	5.45938	0.526886	0.09425	1	341.468	1	0	0.0194635
null3_209	1	880	d	D	-0.0157374	0.0205386	0.587115	-0.516178	0.87	1	452.4	1	0	0.443537
null3_210	1	881	D	d	-0.0101266	0.0871922	0.0134887	-0.147697	0.00625	1	24.8438	0	0	0.907541
null3_211	1	882	D	d	0.0146031	0.0154346	0.895164	-0.567396	0.2785	1	803.751	1	0	0.344082
null3_212	1	883	d	D	0.0208191	0.0141481	2.16537	-0.334352	0.6045	1	956.319	1	0	0.141151
null3_213	1	884	d	D	-0.00911286	0.0162201	0.315646	-0.668858	0.7595	1	730.639	1	0	0.574236
null3_214	1	885	d	D	0.0106889	0.0139881	0.583915	-0.673834	0.53175	1	995.968	1	0	0.444782
null3_215	1	886	d	D	0.00514531	0.0234909	0.047976	-0.572531	0.90325	1	349.558	1	0	0.826623
null3_216	1	887	D	d	0.000768452	0.0138674	0.00307074	-0.800594	0.45125	1	990.494	1	0	0.955808
null3_217	1	888	D	d	-0.0214313	0.0200502	1.14251	-0.411198	0.132	1	458.304	1	0	0.285122
null3_218	1	889	D	d	0.0250524	0.0613294	0.166863	-0.214096	0.01175	1	46.4477	1	0	0.682915
null3_219	1	890	d	D	0.0539219	0.0410523	1.72526	-0.0621766	0.971	1	112.636	1	0	0.189017
null3_220	1	891	d	D	-0.00727008	0.0738782	0.0096838	-0.186659	0.99125	1	34.6938	0	0	0.92161
null3_221	1	892	D	d	-0.00648217	0.0136803	0.224516	-0.759362	0.4625	1	994.375	1	0	0.63562
null3_222	1	893	d	D	-0.0182496	0.0189838	0.924151	-0.477824	0.8445	1	525.279	1	0	0.336387
null3_223	1	894	d	D	0.0119347	0.0153531	0.60427	-0.630874	0.7495	1	750.999	1	0	0.436954
null3_224	1	895	D	d	0.167673	0.125383	1.78832	0.0407564	0.003	1	11.964	0	0	0.181131
null3_225	1	896	d	D	-0.0224161	0.0391108	0.328495	-0.32638	0.96775	1	124.84	1	0	0.566547
null3_226	1	897	D	d	-0.0100864	0.014922	0.456898	-0.673779	0.3145	1	862.359	1	0	0.499077
null3_227	1	898	D	d	-0.0027061	0.0142533	0.0360459	-0.781997	0.3705	1	932.919	1	0	0.849421
null3_228	1	899	D	d	-0.011226	0.013683	0.673115	-0.664118	0.44425	1	987.568	1	0	0.411968
null3_229	1	900	d	D	-8.12409e-18	0.0138092	-9.08585e-13	-0.803026	0.561	1	985.116	1	0	1
null3_230	1	901	d	D	0.0131067	0.0136225	0.925707	-0.612383	0.53175	1	995.968	1	0	0.335981
null3_231	1	902	D	d	0.00531596	0.0153215	0.120382	-0.733747	0.26775	1	784.24	1	0	0.728621
null3_232	1	903	D	d	0.0824742	0.0439491	3.52158	0.263753	0.025	1	97.5	2	0	0.0605748
null3_233	1	904	D	d	0.00190853	0.0143069	0.0177953	-0.784275	0.34425	1	902.968	2	0	0.893878
null3_234	1	905	d	D	0.0203818	0.0319359	0.407312	-0.383155	0.95125	1	185.494	2	0	0.523337
null3_235	1	906	D	d	-0.0145012	0.0153806	0.888913	-0.570146	0.2795	1	805.519	2	0	0.345772
null3_236	1	907	D	d	-0.10809	0.0487943	4.90721	0.499331	0.0205	1	80.319	2	0	0.0267448
null3_237	1	908	d	D	-0.00259755	0.0147199	0.03114	-0.769439	0.70025	1	839.6	2	0	0.859928
null3_238	1	909	D	d	0.00642141	0.0136161	0.222411	-0.761793	0.4295	1	980.119	2	0	0.637209
null3_239	1	910	d	D	-0.00378067	0.0137556	0.0755407	-0.788651	0.55375	1	988.444	2	0	0.783434
null3_240	1	911	D	d	-0.0183259	0.0139143	1.73462	-0.432236	0.38575	1	947.788	2	0	0.187822
null3_241	1	912	d	D	0.00584137	0.020941	0.07781	-0.613091	0.8765	1	432.991	2	0	0.780287
null3_242	1	913	d	D	0.0182776	0.0137042	1.77883	-0.429034	0.56375	1	983.744	2	0	0.182293
null3_243	1	914	d	D	0.0100032	0.0158203	0.399809	-0.661522	0.7555	1	738.879	1	0	0.527188
null3_244	1	915	D	d	0.0162461	0.0208679	0.606099	-0.505952	0.121	1	425.436	1	0	0.43626
null3_245	1	916	D	d	-0.033232	0.0141081	5.54849	0.379767	0.35225	1	912.68	1	0	0.0184966
null3_246	1	917	d	D	-0.000334762	0.0158532	0.000445903	-0.744688	0.76225	1	724.9	1	0	0.983153
null3_247	1	918	D	d	-0.0219579	0.0145294	2.28395	-0.298707	0.3435	1	902.031	1	0	0.130719
null3_249	1	920	D	d	0.0425263	0.0477448	0.793345	-0.184099	0.0215	1	84.151	1	0	0.37309
null3_250	1	921	d	D	0.0190729	0.0167506	1.2965	-0.449986	0.77625	1	694.744	1	0	0.254853
null3_251	1	922	d	D	-0.0160816	0.0171563	0.878633	-0.527849	0.79825	1	644.188	1	0	0.348576
null3_252	1	923	D	d	-0.00733049	0.0137748	0.283202	-0.744017	0.44525	1	988.01	1	0	0.59461
null3_253	1	924	d	D	0.0233848	0.0135841	2.96351	-0.181466	0.53425	1	995.308	1	0	0.0851631
null3_254	1	925	d	D	-0.00698472	0.0166122	0.176785	-0.688079	0.79175	1	659.528	1	0	0.674151
null3_255	1	926	D	d	0.00796972	0.0136728	0.339759	-0.735145	0.495	1	999.9	1	0	0.559968
null3_256	1	927	D	d	0.0112547	0.0165076	0.464838	-0.630269	0.21225	1	668.8	1	0	0.495371
null3_257	1	928	D	d	-0.00367403	0.0303219	0.0146815	-0.478233	0.05575	1	210.568	1	0	0.903558
null3_258	1	929	D	d	-0.00265601	0.0141208	0.0353787	-0.786086	0.3565	1	917.631	1	0	0.850804
null3_259	1	930	D	d	-0.00261805	0.0156743	0.0278983	-0.743677	0.253	1	755.964	1	0	0.867348
null3_260	1	931	D	d	-0.0135583	0.0190641	0.505799	-0.562893	0.158	1	532.144	1	0	0.476963
null3_261	1	932	d	D	-0.0134434	0.0148093	0.824044	-0.599384	0.7045	1	832.719	1	0	0.364
null3_262	1	933	D	d	-0.0487204	0.0242644	4.03164	0.242845	0.0865	1	316.071	1	0	0.0446544
null3_263	1	934	d	D	0.0213523	0.0258399	0.682824	-0.40762	0.925	1	277.5	1	0	0.408616
null3_264	1	935	D	d	0.0142576	0.0140755	1.02605	-0.5776	0.4185	1	973.431	1	0	0.311088
null3_265	1	936	D	d	0.00191137	0.0143176	0.0178217	-0.783956	0.36425	1	926.288	1	0	0.893799
null3_266	1	937	D	d	-0.0058086	0.0147656	0.154753	-0.742009	0.299	1	838.396	1	0	0.694034
null3_267	1	938	d	D	-0.0318866	0.0143479	4.93905	0.257216	0.646	1	914.736	1	0	0.0262565
null3_268	1	939	D	d	0.0212296	0.0140193	2.29314	-0.310959	0.44175	1	986.428	1	0	0.129947
null3_269	1	940	d	D	0.00952345	0.0298943	0.101487	-0.466859	0.943	1	215.004	1	0	0.750052
null3_270	1	941	d	D	0.00123859	0.0136372	0.00824902	-0.806586	0.52175	1	998.108	1	0	0.927632
null3_271	1	942	D	d	0.0157217	0.0290337	0.293222	-0.440628	0.0585	1	220.311	1	0	0.588163
null3_272	1	943	D	d	-0.00911276	0.0150998	0.364212	-0.688408	0.2835	1	812.511	2	0	0.546176
null3_273	1	944	d	D	0.0325162	0.0156073	4.34056	0.161852	0.738	1	773.424	2	0	0.0372146
null3_274	1	945	d	D	0.0070427	0.0142595	0.243932	-0.7378	0.6365	1	925.471	2	0	0.62138
null3_275	1	946	d	D	-0.00432687	0.0329058	0.0172903	-0.446446	0.95575	1	169.168	2	0	0.895386
null3_276	1	947	D	d	-0.0241047	0.0146678	2.70067	-0.206974	0.31	1	855.6	2	0	0.100306
null3_277	1	948	D	d	0.00538107	0.0164106	0.10752	-0.707704	0.21625	1	677.944	2	0	0.742986
null3_278	1	949	d	D	-0.0380173	0.0509309	0.557185	-0.205176	0.98175	1	71.6677	2	0	0.455397
null3_279	1	950	d	D	-0.0084312	0.0173603	0.235865	-0.657426	0.80625	1	624.844	2	0	0.627209
null3_280	1	951	d	D	0.0154304	0.019328	0.637355	-0.530093	0.85825	1	486.628	2	0	0.42467
null3_281	1	952	D	d	-0.019632	0.013919	1.98936	-0.378149	0.468	1	995.904	2	0	0.158407
null3_282	1	953	d	D	-0.0178442	0.0143507	1.54615	-0.459621	0.63525	1	926.83	2	0	0.213705
null3_283	1	954	d	D	-0.0120331	0.0170688	0.496995	-0.609782	0.79175	1	659.528	1	0	0.480823
null3_284	1	955	D	d	0.00222605	0.0236023	0.00889534	-0.578536	0.09225	1	334.96	1	0	0.924859
null3_285	1	956	d	D	-0.0192528	0.0136941	1.9766	-0.387412	0.55825	1	986.428	1	0	0.159749
null3_286	1	957	D	d	0.0403992	0.0138255	8.53859	1.00414	0.4385	1	984.871	1	0	0.00347695
null3_287	1	958	D	d	0.0261324	0.0404298	0.417788	-0.29922	0.03	1	116.4	1	0	0.518043
null3_288	1	959	d	D	0.0724428	0.0824359	0.772249	-0.0734905	0.993	1	27.804	0	0	0.379522
null3_289	1	960	D	d	0.00693247	0.024047	0.0831099	-0.556018	0.08975	1	326.78	1	0	0.773126
null3_290	1	961	D	d	-0.0243818	0.0225425	1.16984	-0.36077	0.103	1	369.564	1	0	0.279434
null3_291	1	962	D	d	-0.0115277	0.0167065	0.476114	-0.622971	0.21175	1	667.648	1	0	0.490188
null3_292	1	963	D	d	-0.00463504	0.0157653	0.0864379	-0.728924	0.2395	1	728.559	1	0	0.768755
null3_293	1	964	D	d	0.0336378	0.0159537	4.44562	0.191834	0.25525	1	760.39	1	0	0.0349909
null3_294	1	965	d	D	-0.0169815	0.0141088	1.44869	-0.487147	0.615	1	947.1	1	0	0.228738
null3_295	1	966	D	d	-0.0109262	0.0136517	0.64057	-0.671977	0.466	1	995.376	1	0	0.423505
null3_296	1	967	D	d	-0.029701	0.0148436	4.00374	0.0724723	0.29725	1	835.57	1	0	0.0453993
null3_297	1	968	D	d	0.0198453	0.0230631	0.740425	-0.439359	0.097	1	350.364	1	0	0.389525
null3_298	1	969	D	d	0.0106725	0.01827	0.341237	-0.614411	0.176	1	580.096	1	0	0.559116
null3_299	1	970	D	d	0.00663429	0.0144051	0.212108	-0.740267	0.351	1	911.196	2	0	0.645121
null3_300	1	971	d	D	0.011645	0.0137835	0.713766	-0.652449	0.5075	1	999.775	2	0	0.398196
null3_301	1	972	d	D	0.0159869	0.0177685	0.809519	-0.528138	0.8205	1	589.119	2	0	0.368263
null3_302	1	973	d	D	0.00515495	0.0160621	0.103001	-0.717626	0.75825	1	733.228	2	0	0.748257
null3_303	1	974	D	d	0.0057817	0.0140458	0.169441	-0.759931	0.4905	1	999.639	2	0	0.680609
null3_304	1	975	D	d	0.0130848	0.0180932	0.523007	-0.580529	0.1735	1	573.591	2	0	0.469562
null3_305	1	976	d	D	0.00622442	0.015285	0.165832	-0.725164	0.717	1	811.644	2	0	0.683843
null3_306	1	977	d	D	0.0162931	0.0145177	1.25953	-0.515518	0.6525	1	906.975	2	0	0.26174
null3_307	1	978	D	d	0.020888	0.0139062	2.25619	-0.322011	0.44575	1	988.228	2	0	0.133081
null3_308	1	979	d	D	-0.0155133	0.0185048	0.702812	-0.534003	0.8395	1	538.959	2	0	0.40184
null3_309	1	980	D	d	0.0345499	0.0229947	2.25755	-0.132555	0.09775	1	352.78	2	0	0.132964
null3_310	1	981	D	d	-0.0137953	0.013719	1.01115	-0.591341	0.45775	1	992.86	2	0	0.314627
null3_311	1	982	d	D	0.0243775	0.0155084	2.47083	-0.23372	0.732	1	784.704	2	0	0.115976
null3_312	1	983	d	D	0.0153131	0.0145869	1.10205	-0.546863	0.6755	1	876.799	2	0	0.293817
null3_313	1	984	d	D	-0.0336079	0.0158665	4.48663	0.198475	0.754	1	741.936	2	0	0.034161
null3_314	1	985	d	D	0.0365881	0.015501	5.57132	0.418023	0.7385	1	772.471	2	0	0.018257
null3_315	1	986	D	d	0.0032393	0.016438	0.0388334	-0.721427	0.23675	1	722.798	2	0	0.843779
null3_316	1	987	D	d	0.00783026	0.0139972	0.312946	-0.73098	0.3915	1	952.911	2	0	0.575878
null3_317	1	988	D	d	0.00476572	0.0149534	0.101572	-0.74793	0.328	1	881.664	2	0	0.749951
null3_318	1	989	d	D	-0.0426913	0.0632882	0.455022	-0.164757	0.988	1	47.424	2	0	0.49996
null3_319	1	990	d	D	0.0056762	0.0139171	0.166349	-0.764467	0.5195	1	998.479	2	0	0.683377
null3_320	1	991	D	d	0.00655498	0.0146268	0.200839	-0.736237	0.34925	1	909.098	2	0	0.654045
null3_321	1	992	d	D	-0.00601367	0.0186352	0.104138	-0.655587	0.84325	1	528.718	1	0	0.746919
null3_322	1	993	d	D	-0.009273	0.0186559	0.247063	-0.625427	0.84	1	537.6	1	0	0.619151
null3_323	1	994	d	D	-0.00194031	0.0144255	0.0180916	-0.780725	0.65775	1	900.46	1	0	0.893003
null3_324	1	995	d	D	-0.00552387	0.0156182	0.12509	-0.724713	0.74125	1	767.194	1	0	0.723578
null3_325	1	996	d	D	0.0109472	0.0138228	0.627208	-0.669615	0.55125	1	989.494	1	0	0.428381
null3_326	1	997	D	d	-0.0244689	0.040862	0.358583	-0.30625	0.02875	1	111.694	1	0	0.549294
null3_327	1	998	d	D	-0.0338325	0.0132135	6.55585	0.569161	0.55425	1	988.228	1	0	0.010454
null3_328	1	999	D	d	-0.00880628	0.0186528	0.222894	-0.630518	0.15875	1	534.194	1	0	0.636843
null3_329	1	1000	d	D	0.0203282	0.0150856	1.81582	-0.382586	0.70525	1	831.49	1	0	0.177812
