SNP.id	Chr	Pos	NonCoded.Allele	Coded.Allele	Beta	Se	Chi2	Log10BF	Coded.Af	Qual	ESampleSize	NGenes	Nmiss	Pval
null1_0	1	1	G	A	0.0584188	0.0881895	0.438805	-0.31435	0.03325	1	128.578	1	0	0.5077
null1_1	1	2	G	A	0.0204486	0.0324743	0.396505	-0.711177	0.38625	1	948.244	1	0	0.5289
null1_2	1	3	G	A	0.0411342	0.039418	1.08897	-0.485822	0.2015	1	643.591	1	0	0.2967
null1_3	1	4	G	A	0.0149849	0.0328425	0.208177	-0.746311	0.365	1	927.1	1	0	0.6482
null1_4	1	5	G	A	0.0307454	0.031851	0.931783	-0.605866	0.44025	1	985.72	1	0	0.3344
null1_5	1	6	G	A	0.0193107	0.0418256	0.213162	-0.644492	0.17275	1	571.63	1	0	0.6443
null1_6	1	7	G	A	0.0397366	0.035263	1.26982	-0.492753	0.27875	1	804.194	1	0	0.2598
null1_7	1	8	G	A	0.0440188	0.0447146	0.969119	-0.460599	0.1465	1	500.151	1	0	0.3249
null1_8	1	9	G	A	0.02017	0.0317157	0.40445	-0.719401	0.46175	1	994.148	1	0	0.5248
null1_9	1	10	G	A	0.0237144	0.032772	0.523624	-0.680454	0.36875	1	931.094	1	0	0.4693
null1_10	1	11	G	A	0.00507004	0.0330013	0.0236028	-0.783338	0.357	1	918.204	1	0	0.8779
null1_11	1	12	G	A	0.092327	0.162998	0.320845	-0.157551	0.0095	1	37.639	1	0	0.5711
null1_12	1	13	G	A	0.0865116	0.0804467	1.15646	-0.21179	0.04025	1	154.52	1	0	0.2822
null1_13	1	14	G	A	0.0736563	0.044938	2.68653	-0.10361	0.14475	1	495.19	1	0	0.1012
null1_14	1	15	G	A	0.00992698	0.0326084	0.0926779	-0.773775	0.378	1	940.464	1	0	0.7608
null1_15	1	16	G	A	0.0055997	0.0442504	0.0160138	-0.662172	0.15025	1	510.7	1	0	0.8993
null1_16	1	17	G	A	0.0373586	0.104376	0.12811	-0.31285	0.0235	1	91.791	1	0	0.7204
null1_17	1	18	G	A	0.0688811	0.0468624	2.16048	-0.196893	0.131	1	455.356	1	0	0.1416
null1_18	1	19	G	A	0.0539408	0.039678	1.84814	-0.32454	0.198	1	635.184	1	0	0.174
null1_19	1	20	G	A	0.0598232	0.0316527	3.57204	-0.0492204	0.47825	1	998.108	1	0	0.05876
null1_20	1	21	G	A	0.0193622	0.0328763	0.346853	-0.716534	0.36325	1	925.198	1	0	0.5559
null1_21	1	22	G	A	0.0117367	0.0426755	0.0756366	-0.664795	0.16425	1	549.088	1	0	0.7833
null1_22	1	23	G	A	0.0165155	0.0437182	0.142712	-0.640899	0.15475	1	523.21	1	0	0.7056
null1_23	1	24	G	A	0.0112904	0.038668	0.0852538	-0.703784	0.21225	1	668.8	1	0	0.7703
null1_24	1	25	G	A	0.0379364	0.0329155	1.32834	-0.508408	0.36125	1	922.994	1	0	0.2491
null1_25	1	26	G	A	0.0500604	0.0375005	1.78203	-0.360474	0.23125	1	711.094	1	0	0.1819
null1_26	1	27	G	A	0.00657871	0.0322782	0.0415395	-0.788904	0.39975	1	959.8	1	0	0.8385
null1_27	1	28	G	A	0.0115736	0.0316259	0.133922	-0.777952	0.493	1	999.804	1	0	0.7144
null1_28	1	29	G	A	0.0989495	0.0453651	4.75755	0.327093	0.1415	1	485.911	1	0	0.02917
null1_29	1	30	G	A	0.0171761	0.0338536	0.257417	-0.723168	0.3215	1	872.551	1	0	0.6119
null1_30	1	31	G	A	0.0183258	0.0487882	0.14109	-0.596323	0.11925	1	420.118	2	0	0.7072
null1_31	1	32	G	A	0.0292616	0.0330116	0.785712	-0.621978	0.3565	1	917.631	2	0	0.3754
null1_32	1	33	G	A	0.190795	0.408555	0.218089	-0.0374847	0.0015	1	5.991	2	0	0.6405
null1_33	1	34	G	A	0.00878742	0.0615649	0.0203731	-0.527311	0.071	1	263.836	2	0	0.8865
null1_34	1	35	G	A	0.0172249	0.0493759	0.121698	-0.59543	0.116	1	410.176	2	0	0.7272
null1_35	1	36	G	A	0.00116981	0.0316327	0.00136761	-0.805969	0.4875	1	999.375	2	0	0.9705
null1_36	1	37	G	A	0.0167106	0.0540518	0.0955798	-0.564167	0.0945	1	342.279	2	0	0.7572
null1_37	1	38	G	A	0.0160007	0.0319582	0.250675	-0.748795	0.42775	1	979.12	2	0	0.6166
null1_38	1	39	G	A	0.00662288	0.0473663	0.0195504	-0.633387	0.12775	1	445.72	2	0	0.8888
null1_39	1	40	G	A	0.0337407	0.0331388	1.03666	-0.567322	0.3505	1	910.599	2	0	0.3086
null1_40	1	41	G	A	0.019189	0.0400443	0.229628	-0.659038	0.19325	1	623.618	2	0	0.6318
null1_41	1	42	G	A	0.0252365	0.0317157	0.633156	-0.670921	0.46175	1	994.148	1	0	0.4262
null1_42	1	43	G	A	0.0513333	0.0327219	2.46106	-0.271256	0.3715	1	933.951	1	0	0.1167
null1_43	1	44	G	A	0.0469779	0.0321213	2.13895	-0.346774	0.41225	1	969.2	2	0	0.1436
null1_44	1	45	G	A	0.0324583	0.0710526	0.208685	-0.434985	0.05225	1	198.08	2	0	0.6478
null1_45	1	46	G	A	0.0676556	0.031623	4.57721	0.16313	0.498	1	999.984	2	0	0.0324
null1_46	1	47	G	A	0.0325753	0.0349348	0.869477	-0.580941	0.2875	1	819.375	2	0	0.3511
null1_47	1	48	G	A	0.0109437	0.0316239	0.119755	-0.780982	0.49575	1	999.928	2	0	0.7293
null1_48	1	49	G	A	0.0587371	0.0316311	3.44822	-0.0756953	0.4885	1	999.471	2	0	0.06332
null1_49	1	50	G	A	0.000618834	0.0324821	0.000362961	-0.794962	0.38575	1	947.788	2	0	0.9848
null1_50	1	51	G	A	0	0.0586174	0	-0.550898	0.079	1	291.036	2	0	1
null1_51	1	52	G	A	0.0052332	0.0338398	0.0239155	-0.772678	0.322	1	873.264	2	0	0.8771
null1_52	1	53	G	A	0.020088	0.0325707	0.38038	-0.71335	0.38025	1	942.64	2	0	0.5374
null1_53	1	54	G	A	0.156771	0.108397	2.09171	0.0292681	0.02175	1	85.1078	2	0	0.1481
null1_54	1	55	G	A	0.0316928	0.0498463	0.404255	-0.53376	0.1135	1	402.471	1	0	0.5249
null1_55	1	56	G	A	0.00234039	0.0320568	0.00533012	-0.799488	0.418	1	973.104	1	0	0.9418
null1_56	1	57	G	A	0.0831832	0.045232	3.38205	0.0423302	0.1425	1	488.775	1	0	0.06591
null1_57	1	58	G	A	0	0.0316761	0	-0.805678	0.471	1	996.636	1	0	1
null1_58	1	59	G	A	0.0367182	0.0325707	1.27089	-0.524865	0.38025	1	942.64	1	0	0.2596
null1_59	1	60	G	A	0.0354907	0.0369041	0.924868	-0.546857	0.24225	1	734.26	1	0	0.3362
null1_60	1	61	G	A	0.0242273	0.0357941	0.458128	-0.657586	0.26575	1	780.508	1	0	0.4985
null1_61	1	62	G	A	0.0621783	0.0324435	3.67302	-0.0183619	0.38825	1	950.048	1	0	0.0553
null1_62	1	63	G	A	0.0359667	0.0323619	1.23519	-0.535055	0.39375	1	954.844	1	0	0.2664
null1_63	1	64	G	A	0.0085431	0.0316929	0.0726617	-0.790046	0.46675	1	995.578	1	0	0.7875
null1_64	1	65	G	A	0.00558877	0.0690594	0.00654918	-0.484995	0.0555	1	209.679	1	0	0.9355
null1_65	1	66	G	A	0.0377007	0.0322159	1.36949	-0.508475	0.4045	1	963.519	1	0	0.2419
null1_66	1	67	G	A	0.00399651	0.0587878	0.00462155	-0.548813	0.0785	1	289.351	1	0	0.9458
null1_67	1	68	G	A	0.0256894	0.0330796	0.603094	-0.659749	0.35325	1	913.858	1	0	0.4374
null1_68	1	69	G	A	0.00743447	0.0378791	0.0385213	-0.7222	0.22475	1	696.95	1	0	0.8444
null1_69	1	70	G	A	0.0496384	0.032673	2.30812	-0.304189	0.37425	1	936.748	2	0	0.1287
null1_70	1	71	G	A	0.00771214	0.0334018	0.0533103	-0.771961	0.339	1	896.316	2	0	0.8174
null1_71	1	72	G	A	0.0585507	0.0487882	1.44024	-0.329905	0.11925	1	420.118	2	0	0.2301
null1_72	1	73	G	A	0.0335772	0.0367506	0.834759	-0.567494	0.24525	1	740.41	2	0	0.3609
null1_73	1	74	G	A	0.0698286	0.0962608	0.526221	-0.269971	0.02775	1	107.92	2	0	0.4682
null1_74	1	75	G	A	0.0752171	0.0508387	2.18899	-0.161759	0.1085	1	386.911	2	0	0.139
null1_75	1	76	G	A	0.0541575	0.0440403	1.51222	-0.354083	0.152	1	515.584	2	0	0.2188
null1_76	1	77	G	A	0.000752133	0.0361489	0.000432911	-0.749824	0.25775	1	765.26	2	0	0.9834
null1_77	1	78	G	A	0.0429191	0.0436606	0.966319	-0.470611	0.15525	1	524.59	2	0	0.3256
null1_78	1	79	G	A	0.0128164	0.0359687	0.126965	-0.725285	0.26175	1	772.948	2	0	0.7216
null1_79	1	80	G	A	0.234098	0.0905242	6.68752	0.819375	0.0315	1	122.031	2	0	0.009709
null1_80	1	81	G	A	0.000586499	0.0318321	0.000339472	-0.803525	0.44275	1	986.89	1	0	0.9853
null1_81	1	82	G	A	0.0221127	0.0792775	0.0778009	-0.418955	0.0415	1	159.111	1	0	0.7803
null1_82	1	83	G	A	0.0275159	0.0319488	0.741753	-0.644858	0.42875	1	979.694	1	0	0.3891
null1_83	1	84	G	A	0.0183025	0.0316276	0.334879	-0.735318	0.49125	1	999.694	1	0	0.5628
null1_84	1	85	G	A	0.0474704	0.117338	0.16367	-0.269359	0.0185	1	72.631	1	0	0.6858
null1_85	1	86	G	A	0.0437103	0.041636	1.10213	-0.461228	0.17475	1	576.85	1	0	0.2938
null1_86	1	87	G	A	0.0252194	0.0319283	0.623905	-0.670096	0.431	1	980.956	1	0	0.4296
null1_87	1	88	G	A	0.0205566	0.0316487	0.421881	-0.716592	0.47975	1	998.36	1	0	0.516
null1_88	1	89	G	A	0.0295557	0.0318285	0.862285	-0.620885	0.44325	1	987.118	1	0	0.3531
null1_89	1	90	G	A	0.0132113	0.0338123	0.152667	-0.745814	0.323	1	874.684	1	0	0.696
null1_90	1	91	G	A	0.0363658	0.0325707	1.24661	-0.530002	0.38025	1	942.64	1	0	0.2642
null1_91	1	92	G	A	0.0330416	0.0329454	1.00585	-0.576244	0.35975	1	921.32	1	0	0.3159
null1_92	1	93	G	A	0.00118757	0.0453317	0.000686297	-0.655365	0.14175	1	486.628	1	0	0.9791
null1_93	1	94	G	A	0.00917121	0.0350356	0.0685227	-0.748634	0.28475	1	814.67	1	0	0.7935
null1_94	1	95	G	A	0.0194021	0.0335621	0.334194	-0.710566	0.3325	1	887.775	1	0	0.5632
null1_95	1	96	G	A	0.0446408	0.0531203	0.706225	-0.447206	0.09825	1	354.388	1	0	0.4007
null1_96	1	97	G	A	0.00817268	0.0320622	0.0649742	-0.786777	0.4175	1	972.775	1	0	0.7988
null1_97	1	98	G	A	0.0262727	0.0325583	0.651155	-0.656187	0.381	1	943.356	1	0	0.4197
null1_98	1	99	G	A	0.00722666	0.032344	0.0499215	-0.786268	0.395	1	955.9	2	0	0.8232
null1_99	1	100	G	A	0.0301507	0.0363232	0.689014	-0.602934	0.254	1	757.936	2	0	0.4065
null1_100	1	101	G	A	0.0364359	0.0346708	1.10441	-0.534505	0.295	1	831.9	2	0	0.2933
null1_101	1	102	G	A	0.128065	0.123206	1.08044	-0.110074	0.01675	1	65.8777	2	0	0.2986
null1_102	1	103	G	A	0.0267894	0.0400443	0.447552	-0.613503	0.19325	1	623.618	2	0	0.5035
null1_103	1	104	G	A	0.00965545	0.0320899	0.0905335	-0.780997	0.415	1	971.1	2	0	0.7635
null1_104	1	105	G	A	0.0573736	0.0460901	1.54956	-0.328954	0.13625	1	470.744	2	0	0.2132
null1_105	1	106	G	A	0.040427	0.0343185	1.38766	-0.478905	0.30575	1	849.068	2	0	0.2388
null1_106	1	107	G	A	0.0301749	0.0317952	0.900678	-0.613183	0.448	1	989.184	2	0	0.3426
null1_107	1	108	G	A	0.00289331	0.031623	0.00837117	-0.804614	0.49825	1	999.988	2	0	0.9271
null1_108	1	109	G	A	0.0271247	0.0343107	0.624987	-0.639954	0.306	1	849.456	2	0	0.4292
null1_109	1	110	G	A	0.0409058	0.0730691	0.313402	-0.404407	0.04925	1	187.298	1	0	0.5756
null1_110	1	111	G	A	0.0198388	0.0317986	0.389238	-0.721531	0.4475	1	988.975	1	0	0.5327
null1_111	1	112	G	A	0.0119007	0.0330271	0.129838	-0.76053	0.35575	1	916.768	1	0	0.7186
null1_112	1	113	G	A	0.190923	0.140929	1.83532	0.0268397	0.01275	1	50.3498	1	0	0.1755
null1_113	1	114	G	A	0.000626903	0.0329056	0.000362961	-0.789483	0.36175	1	923.548	1	0	0.9848
null1_114	1	115	G	A	0.0155183	0.0426235	0.132553	-0.653467	0.16475	1	550.43	1	0	0.7158
null1_115	1	116	G	A	0.0158741	0.0373463	0.180668	-0.698279	0.234	1	716.976	1	0	0.6708
null1_116	1	117	G	A	0.00058301	0.0316427	0.000339472	-0.806053	0.48225	1	998.74	1	0	0.9853
null1_117	1	118	G	A	0.0459839	0.0689135	0.445249	-0.400588	0.05575	1	210.568	1	0	0.5046
null1_118	1	119	G	A	0.0543765	0.0326425	2.77494	-0.205849	0.376	1	938.496	1	0	0.09575
null1_119	1	120	G	A	0.00612439	0.0343029	0.031876	-0.765265	0.30625	1	849.844	1	0	0.8583
null1_120	1	121	G	A	0.00234845	0.0316228	0.0055152	-0.805222	0.499	1	999.996	1	0	0.9408
null1_121	1	122	G	A	0.0563032	0.0609739	0.852663	-0.365647	0.0725	1	268.975	1	0	0.3558
null1_122	1	123	G	A	0.00157737	0.0367886	0.00183839	-0.742156	0.2445	1	738.879	1	0	0.9658
null1_123	1	124	G	A	0.0334384	0.0531807	0.395351	-0.509859	0.098	1	353.584	1	0	0.5295
null1_124	1	125	G	A	0.023997	0.0343343	0.488494	-0.668481	0.30525	1	848.29	1	0	0.4846
null1_125	1	126	G	A	0.01366	0.0335056	0.166213	-0.746782	0.33475	1	890.77	1	0	0.6835
null1_126	1	127	G	A	0.0276764	0.0421173	0.431814	-0.596126	0.16975	1	563.74	1	0	0.5111
null1_127	1	128	G	A	0.00683201	0.0327999	0.0433861	-0.781737	0.36725	1	929.51	1	0	0.835
null1_128	1	129	G	A	0.0087978	0.0319442	0.0758516	-0.786031	0.42925	1	979.978	1	0	0.783
null1_129	1	130	G	A	0.00583194	0.0375574	0.0241121	-0.728798	0.23025	1	708.94	1	0	0.8766
null1_130	1	131	G	A	0.0414654	0.0316961	1.71143	-0.442679	0.466	1	995.376	1	0	0.1908
null1_131	1	132	G	A	0.0181038	0.0321782	0.316531	-0.731956	0.4075	1	965.775	1	0	0.5737
null1_132	1	133	G	A	0.00641293	0.0321509	0.0397858	-0.790948	0.40975	1	967.42	1	0	0.8419
null1_133	1	134	G	A	0.00758765	0.0316271	0.0575568	-0.794129	0.49175	1	999.728	1	0	0.8104
null1_134	1	135	G	A	0.173579	0.121438	2.04308	0.0394311	0.01725	1	67.8097	1	0	0.1529
null1_135	1	136	G	A	0.0798143	0.0456703	3.05417	-0.0219718	0.13925	1	479.438	2	0	0.08053
null1_136	1	137	G	A	0.0565505	0.0627002	0.813458	-0.36316	0.06825	1	254.368	2	0	0.3671
null1_137	1	138	G	A	0.0190596	0.0329106	0.335394	-0.718522	0.3615	1	923.271	2	0	0.5625
null1_138	1	139	G	A	0.059353	0.0718707	0.681997	-0.339588	0.051	1	193.596	2	0	0.4089
null1_139	1	140	G	A	0.0372177	0.0372092	1.00046	-0.527635	0.2365	1	722.271	2	0	0.3172
null1_140	1	141	G	A	0.0274075	0.0321539	0.726562	-0.645417	0.4095	1	967.239	2	0	0.394
null1_141	1	142	G	A	0.00938445	0.0330271	0.0807378	-0.770919	0.35575	1	916.768	2	0	0.7763
null1_142	1	143	G	A	0.00720388	0.0558125	0.0166598	-0.567224	0.088	1	321.024	2	0	0.8973
null1_143	1	144	G	A	0.0574043	0.0814226	0.497048	-0.330919	0.03925	1	150.838	2	0	0.4808
null1_144	1	145	G	A	0.0251729	0.0633498	0.157897	-0.488856	0.06675	1	249.178	2	0	0.6911
null1_145	1	146	G	A	0.0630942	0.0317459	3.95005	0.0319077	0.456	1	992.256	2	0	0.04687
null1_146	1	147	G	A	0.0625806	0.0323264	3.74771	-0.00395691	0.39625	1	956.944	1	0	0.05288
null1_147	1	148	G	A	0.00752539	0.113637	0.00438553	-0.305544	0.01975	1	77.4397	1	0	0.9472
null1_148	1	149	G	A	0.226248	0.148297	2.32757	0.101157	0.0115	1	45.471	1	0	0.1271
null1_149	1	150	G	A	0.0659519	0.0875565	0.567385	-0.293339	0.03375	1	130.444	1	0	0.4513
null1_150	1	151	G	A	0.161397	0.0905242	3.17879	0.188204	0.0315	1	122.031	1	0	0.0746
null1_151	1	152	G	A	0.00521459	0.0316416	0.0271596	-0.80038	0.48275	1	998.81	1	0	0.8691
null1_152	1	153	G	A	0.0463941	0.03951	1.37883	-0.424287	0.20025	1	640.6	1	0	0.2403
null1_153	1	154	G	A	0.104538	0.0718707	2.11565	-0.0638168	0.051	1	193.596	1	0	0.1458
null1_154	1	155	G	A	0.0581801	0.0316268	3.38405	-0.0893316	0.492	1	999.744	1	0	0.06583
null1_155	1	156	G	A	0.00890626	0.0318707	0.0780919	-0.786529	0.43775	1	984.5	1	0	0.7799
null1_156	1	157	G	A	0.00463484	0.0362996	0.0163029	-0.744735	0.2545	1	758.919	1	0	0.8984
null1_157	1	158	G	A	0.0451472	0.0323547	1.9471	-0.384472	0.39425	1	955.268	1	0	0.1629
null1_158	1	159	G	A	0.0677533	0.129024	0.275751	-0.223597	0.01525	1	60.0697	1	0	0.5995
null1_159	1	160	G	A	0.0341957	0.0348009	0.96552	-0.562265	0.29125	1	825.694	1	0	0.3258
null1_160	1	161	G	A	0.0511585	0.0362879	1.98752	-0.330267	0.25475	1	759.41	1	0	0.1586
null1_161	1	162	G	A	0.00521925	0.0546391	0.0091245	-0.577311	0.09225	1	334.96	1	0	0.9239
null1_162	1	163	G	A	0.0371527	0.0326254	1.29679	-0.518699	0.377	1	939.484	1	0	0.2548
null1_163	1	164	G	A	0.0262403	0.0327219	0.643074	-0.655813	0.3715	1	933.951	1	0	0.4226
null1_164	1	165	G	A	0.022722	0.0387181	0.344401	-0.648955	0.2115	1	667.071	1	0	0.5573
null1_165	1	166	G	A	0.0431736	0.0317283	1.85158	-0.412579	0.45925	1	993.358	1	0	0.1736
null1_166	1	167	G	A	0.0740789	0.0454997	2.65077	-0.10653	0.1405	1	483.039	1	0	0.1035
null1_167	1	168	G	A	0.00356973	0.0353216	0.0102138	-0.757506	0.27725	1	801.53	2	0	0.9195
null1_168	1	169	G	A	0.343681	0.15512	4.90881	0.452472	0.0105	1	41.559	2	0	0.02672
null1_169	1	170	G	A	0.0127137	0.0567715	0.0501514	-0.553639	0.08475	1	310.27	2	0	0.8228
null1_170	1	171	G	A	0.0380597	0.0318568	1.42733	-0.500803	0.4395	1	985.359	2	0	0.2322
null1_171	1	172	G	A	0.0210249	0.0317245	0.439218	-0.711915	0.46	1	993.6	2	0	0.5075
null1_172	1	173	G	A	0.0096829	0.0324782	0.0888846	-0.776266	0.386	1	948.016	2	0	0.7656
null1_173	1	174	G	A	0.0172608	0.0433496	0.158545	-0.641099	0.158	1	532.144	2	0	0.6905
null1_174	1	175	G	A	0.0286963	0.0413129	0.482482	-0.593448	0.17825	1	585.908	2	0	0.4873
null1_175	1	176	G	A	0.00479442	0.0344139	0.0194091	-0.766535	0.30275	1	844.37	2	0	0.8892
null1_176	1	177	G	A	0.0717891	0.0524147	1.87591	-0.214642	0.10125	1	363.994	2	0	0.1708
null1_177	1	178	G	A	0.0158855	0.0381225	0.173636	-0.691181	0.22075	1	688.078	2	0	0.6769
null1_178	1	179	G	A	0.0504135	0.0710526	0.503423	-0.378111	0.05225	1	198.08	1	0	0.478
null1_179	1	180	G	A	0.00886369	0.037388	0.0562037	-0.723953	0.23325	1	715.378	1	0	0.8126
null1_180	1	181	G	A	0.00118972	0.0320622	0.0013769	-0.800255	0.4175	1	972.775	1	0	0.9704
null1_181	1	182	G	A	0.0972783	0.04717	4.25305	0.235649	0.129	1	449.436	1	0	0.03918
null1_182	1	183	G	A	0.0163964	0.0330956	0.245446	-0.7352	0.3525	1	912.975	1	0	0.6203
null1_183	1	184	G	A	0.0135416	0.0385524	0.123377	-0.697044	0.214	1	672.816	1	0	0.7254
null1_184	1	185	G	A	0.0707397	0.0356041	3.94754	0.0745469	0.27025	1	788.86	1	0	0.04694
null1_185	1	186	G	A	0.0230531	0.0336585	0.469103	-0.680854	0.32875	1	882.694	1	0	0.4934
null1_186	1	187	G	A	0.0582553	0.0364302	2.5571	-0.209038	0.25175	1	753.488	1	0	0.1098
null1_187	1	188	G	A	0.00351255	0.0318194	0.012186	-0.801182	0.4445	1	987.679	1	0	0.9121
null1_188	1	189	G	A	0.0754691	0.0392016	3.70622	0.0591376	0.2045	1	650.719	1	0	0.05421
null1_189	1	190	G	A	0.00381975	0.0404681	0.00890932	-0.70077	0.188	1	610.624	1	0	0.9248
null1_190	1	191	G	A	0.0474602	0.0562481	0.711942	-0.424072	0.0865	1	316.071	1	0	0.3988
null1_191	1	192	G	A	0.0710839	0.0339519	4.38343	0.148735	0.318	1	867.504	1	0	0.03629
null1_192	1	193	G	A	0.189901	0.0819249	5.37307	0.577273	0.03875	1	148.994	1	0	0.02045
null1_193	1	194	G	A	0.00188976	0.0329757	0.00328418	-0.787965	0.35825	1	919.628	1	0	0.9543
null1_194	1	195	G	A	0.00581939	0.0318892	0.0333018	-0.795778	0.4355	1	983.359	1	0	0.8552
null1_195	1	196	G	A	0.0609068	0.0737836	0.681415	-0.330432	0.04825	1	183.688	1	0	0.4091
null1_196	1	197	G	A	0.402364	0.378296	1.13129	0.000168736	0.00175	1	6.98775	1	0	0.2875
null1_197	1	198	G	A	0.0578392	0.0318303	3.3019	-0.104228	0.443	1	987.004	1	0	0.0692
null1_198	1	199	G	A	0.0762776	0.0397348	3.68512	0.0595965	0.19725	1	633.37	1	0	0.0549
null1_199	1	200	G	A	0.0563916	0.0316898	3.16657	-0.134596	0.4675	1	995.775	1	0	0.07516
null1_200	1	201	G	A	0.0129941	0.033652	0.149097	-0.748567	0.329	1	883.036	1	0	0.6994
null1_201	1	202	G	A	0.0513288	0.0356041	2.07837	-0.318653	0.27025	1	788.86	1	0	0.1494
null1_202	1	203	G	A	0.00087743	1.00013	7.6969e-07	-0.00851458	0.00025	1	0.99975	0	0	0.9993
null1_203	1	204	G	A	0.0159124	0.0443417	0.12878	-0.637958	0.1495	1	508.599	2	0	0.7197
null1_204	1	205	G	A	0.0369394	0.0363705	1.03153	-0.530363	0.253	1	755.964	2	0	0.3098
null1_205	1	206	G	A	0.0270713	0.0389734	0.482482	-0.617329	0.20775	1	658.36	2	0	0.4873
null1_206	1	207	G	A	0.025108	0.0383903	0.42774	-0.635004	0.2165	1	678.511	2	0	0.5131
null1_207	1	208	G	A	0.0247102	0.0421916	0.343005	-0.613885	0.169	1	561.756	2	0	0.5581
null1_208	1	209	G	A	0.0232241	0.0470924	0.243206	-0.589712	0.1295	1	450.919	2	0	0.6219
null1_209	1	210	G	A	0.0375959	0.0417541	0.810745	-0.520764	0.1735	1	573.591	2	0	0.3679
null1_210	1	211	G	A	0.102159	0.0905242	1.27356	-0.155063	0.0315	1	122.031	2	0	0.2591
null1_211	1	212	G	A	0.0533103	0.0355937	2.24323	-0.28407	0.2705	1	789.319	2	0	0.1342
null1_212	1	213	G	A	0.00580162	0.0317919	0.0333018	-0.797073	0.4485	1	989.391	2	0	0.8552
null1_213	1	214	G	A	0.0366062	0.036613	0.99963	-0.534368	0.248	1	745.984	1	0	0.3174
null1_214	1	215	G	A	0.00800069	0.0316608	0.0638573	-0.792342	0.4755	1	997.599	1	0	0.8005
null1_215	1	216	G	A	0.0279248	0.038015	0.539596	-0.615598	0.2225	1	691.975	1	0	0.4626
null1_216	1	217	G	A	0.00628776	0.031645	0.0394804	-0.797722	0.48125	1	998.594	1	0	0.8425
null1_217	1	218	G	A	0.092579	0.0671041	1.90338	-0.125774	0.059	1	222.076	1	0	0.1677
null1_218	1	219	G	A	0.00750891	0.0316734	0.0562037	-0.793797	0.47175	1	996.808	1	0	0.8126
null1_219	1	220	G	A	0.0549951	0.0321389	2.9281	-0.179557	0.41075	1	968.138	1	0	0.08705
null1_220	1	221	G	A	0.00191814	0.0333248	0.00331303	-0.783508	0.34225	1	900.46	1	0	0.9541
null1_221	1	222	G	A	0.0658815	0.118926	0.306882	-0.242219	0.018	1	70.704	1	0	0.5796
null1_222	1	223	G	A	0.0210066	0.0355423	0.349317	-0.683439	0.27175	1	791.608	1	0	0.5545
null1_223	1	224	G	A	0.0155455	0.0376148	0.170802	-0.697363	0.22925	1	706.778	1	0	0.6794
null1_224	1	225	G	A	0.0123877	0.0328618	0.142102	-0.760049	0.364	1	926.016	1	0	0.7062
null1_225	1	226	G	A	0.0709781	0.037586	3.56612	0.0144748	0.22975	1	707.86	1	0	0.05897
null1_226	1	227	G	A	0.0546376	0.0316263	2.9846	-0.173908	0.4925	1	999.775	1	0	0.08406
null1_227	1	228	G	A	0.0123343	0.0323159	0.145678	-0.766352	0.397	1	957.564	1	0	0.7027
null1_228	1	229	G	A	0	0.0316304	0	-0.806289	0.489	1	999.516	1	0	1
null1_229	1	230	G	A	0.0226392	0.0338884	0.446294	-0.682835	0.32025	1	870.76	1	0	0.5041
null1_230	1	231	G	A	0.00810903	0.044938	0.0325619	-0.652373	0.14475	1	495.19	1	0	0.8568
null1_231	1	232	G	A	0.0468226	0.0452983	1.06843	-0.434966	0.142	1	487.344	1	0	0.3013
null1_232	1	233	G	A	0.00834594	0.03238	0.066435	-0.7823	0.3925	1	953.775	1	0	0.7966
null1_233	1	234	G	A	0.0338653	0.0331993	1.04052	-0.565754	0.34775	1	907.28	1	0	0.3077
null1_234	1	235	G	A	0.0410118	0.0406985	1.01545	-0.488371	0.18525	1	603.73	1	0	0.3136
null1_235	1	236	G	A	0.017843	0.0366006	0.237662	-0.694712	0.24825	1	746.488	1	0	0.6259
null1_236	1	237	G	A	0.0192941	0.104922	0.0338154	-0.327191	0.02325	1	90.8377	2	0	0.8541
null1_237	1	238	G	A	0.00275842	0.0491014	0.00315597	-0.621998	0.1175	1	414.775	2	0	0.9552
null1_238	1	239	G	A	0.0401616	0.0411777	0.951255	-0.497071	0.17975	1	589.76	2	0	0.3294
null1_239	1	240	G	A	0.0277992	0.032169	0.746773	-0.640941	0.40825	1	966.328	2	0	0.3875
null1_240	1	241	G	A	0.00956679	0.0385688	0.0615261	-0.709828	0.21375	1	672.244	2	0	0.8041
null1_241	1	242	G	A	0.0206252	0.0334994	0.379073	-0.701861	0.335	1	891.1	2	0	0.5381
null1_242	1	243	G	A	0.0972027	0.0851603	1.30281	-0.167342	0.03575	1	137.888	2	0	0.2537
null1_243	1	244	G	A	0.0292467	0.0390081	0.562138	-0.600289	0.20725	1	657.19	2	0	0.4534
null1_244	1	245	G	A	0.00582648	0.0354913	0.0269507	-0.751962	0.273	1	793.884	2	0	0.8696
null1_245	1	246	G	A	0.0372035	0.0325258	1.30831	-0.51751	0.383	1	945.244	2	0	0.2527
null1_246	1	247	G	A	0.0290269	0.0412001	0.496369	-0.591669	0.1795	1	589.119	2	0	0.4811
null1_247	1	248	G	A	0.0890099	0.0667082	1.7804	-0.151674	0.05975	1	224.72	1	0	0.1821
null1_248	1	249	G	A	0.00732412	0.0430476	0.0289476	-0.670901	0.16075	1	539.638	1	0	0.8649
null1_249	1	250	G	A	0.0513138	0.0320622	2.56142	-0.25809	0.4175	1	972.775	1	0	0.1095
null1_250	1	251	G	A	0.0370437	0.0318768	1.35045	-0.516834	0.437	1	984.124	1	0	0.2452
null1_251	1	252	G	A	0.0981477	0.0578708	2.87634	0.0204356	0.08125	1	298.594	1	0	0.08989
null1_252	1	253	G	A	0.0119509	0.0345612	0.119571	-0.743595	0.29825	1	837.188	1	0	0.7295
null1_253	1	254	G	A	0.130751	0.0538609	5.89314	0.607503	0.09525	1	344.71	1	0	0.0152
null1_254	1	255	G	A	0.0328928	0.0494222	0.442954	-0.529248	0.11575	1	409.408	1	0	0.5057
null1_255	1	256	G	A	0.0306127	0.031997	0.915346	-0.607456	0.42375	1	976.744	1	0	0.3387
null1_256	1	257	G	A	0.0191192	0.0325873	0.344226	-0.72079	0.37925	1	941.678	1	0	0.5574
null1_257	1	258	G	A	0.028416	0.0696532	0.166435	-0.450686	0.0545	1	206.119	1	0	0.6833
null1_258	1	259	G	A	0.0152104	0.0430747	0.124692	-0.650752	0.1605	1	538.959	1	0	0.724
null1_259	1	260	G	A	0.0125207	0.0329205	0.144651	-0.758758	0.361	1	922.716	1	0	0.7037
null1_260	1	261	G	A	0.0501187	0.0334198	2.24901	-0.307705	0.33825	1	895.348	1	0	0.1337
null1_261	1	262	G	A	0.0772057	0.035186	4.81458	0.252563	0.28075	1	807.718	1	0	0.02822
null1_262	1	263	G	A	0.0173626	0.0318194	0.297744	-0.740649	0.4445	1	987.679	1	0	0.5853
null1_263	1	264	G	A	0.0223507	0.0528222	0.179039	-0.556478	0.0995	1	358.399	1	0	0.6722
null1_264	1	265	G	A	0.044347	0.0477275	0.86336	-0.456776	0.1255	1	438.999	1	0	0.3528
null1_265	1	266	G	A	0.0427187	0.032772	1.69914	-0.431761	0.36875	1	931.094	1	0	0.1924
null1_266	1	267	G	A	0.00721033	0.0321969	0.0501514	-0.788146	0.406	1	964.656	1	0	0.8228
null1_267	1	268	G	A	0.168162	0.0617662	7.41228	0.937861	0.0705	1	262.119	2	0	0.006478
null1_268	1	269	G	A	0.0333527	0.0330638	1.01755	-0.572293	0.354	1	914.736	2	0	0.3131
null1_269	1	270	G	A	0.0264807	0.125055	0.0448392	-0.268581	0.01625	1	63.9437	2	0	0.8323
null1_270	1	271	G	A	0.0428382	0.0464885	0.849125	-0.470042	0.1335	1	462.711	2	0	0.3568
null1_271	1	272	G	A	0.00822382	0.0420927	0.0381711	-0.67829	0.17	1	564.4	2	0	0.8451
null1_272	1	273	G	A	0.0234546	0.032486	0.521271	-0.684609	0.3855	1	947.559	2	0	0.4703
null1_273	1	274	G	A	0.0350278	0.0356772	0.963925	-0.552431	0.2685	1	785.631	2	0	0.3262
null1_274	1	275	G	A	0.0315859	0.0553884	0.325199	-0.508012	0.0895	1	325.959	2	0	0.5685
null1_275	1	276	G	A	0.00577278	0.0354107	0.0265766	-0.752997	0.275	1	797.5	2	0	0.8705
null1_276	1	277	G	A	0.0203328	0.0373325	0.296635	-0.674078	0.23425	1	717.508	2	0	0.586
null1_277	1	278	G	A	0.0685487	0.0428069	2.56431	-0.146625	0.163	1	545.724	2	0	0.1093
null1_278	1	279	G	A	0.0141544	0.0380916	0.138077	-0.698977	0.22125	1	689.194	1	0	0.7102
null1_279	1	280	G	A	0.015861	0.0379392	0.174778	-0.69295	0.22375	1	694.744	1	0	0.6759
null1_280	1	281	G	A	0.0510005	0.0540518	0.890285	-0.403227	0.0945	1	342.279	1	0	0.3454
null1_281	1	282	G	A	0.170279	0.0875565	3.78222	0.292325	0.03375	1	130.444	1	0	0.0518
null1_282	1	283	G	A	0.0200178	0.0319605	0.392286	-0.718754	0.4275	1	978.975	1	0	0.5311
null1_283	1	284	G	A	0.0379772	0.0605904	0.39286	-0.459487	0.0735	1	272.391	1	0	0.5308
null1_284	1	285	G	A	0.00352809	0.0321069	0.0120749	-0.797398	0.4135	1	970.071	1	0	0.9125
null1_285	1	286	G	A	0.0550609	0.0319535	2.96927	-0.173114	0.42825	1	979.408	1	0	0.08486
null1_286	1	287	G	A	0.103534	0.0636832	2.64311	0.00327829	0.066	1	246.576	1	0	0.104
null1_287	1	288	G	A	0.0385486	0.039166	0.968718	-0.513555	0.205	1	651.9	1	0	0.325
null1_288	1	289	G	A	0.0719052	0.101274	0.504109	-0.257898	0.025	1	97.5	1	0	0.4777
null1_289	1	290	G	A	0.0469206	0.0605904	0.59968	-0.418322	0.0735	1	272.391	1	0	0.4387
null1_290	1	291	G	A	0.167074	0.0816725	4.18472	0.356226	0.039	1	149.916	1	0	0.04079
null1_291	1	292	G	A	0.0323486	0.0427279	0.573175	-0.560878	0.16375	1	547.744	1	0	0.449
null1_292	1	293	G	A	0.0329729	0.0568476	0.336425	-0.495534	0.0845	1	309.439	1	0	0.5619
null1_293	1	294	G	A	0.0571535	0.032002	3.18956	-0.125905	0.42325	1	976.438	1	0	0.07411
null1_294	1	295	G	A	0.0409241	0.0317417	1.66225	-0.452514	0.45675	1	992.518	1	0	0.1973
null1_295	1	296	G	A	0.045531	0.0325832	1.95266	-0.380466	0.3795	1	941.919	1	0	0.1623
null1_296	1	297	G	A	0.0154318	0.0385853	0.159953	-0.689025	0.2135	1	671.671	1	0	0.6892
null1_297	1	298	G	A	0.079966	0.0491014	2.6523	-0.079283	0.1175	1	414.775	1	0	0.1034
null1_298	1	299	G	A	0.0113336	0.0319629	0.125731	-0.775212	0.42725	1	978.83	1	0	0.7229
null1_299	1	300	G	A	0.0058739	0.0332556	0.0311977	-0.778488	0.34525	1	904.21	1	0	0.8598
null1_300	1	301	G	A	0.0180495	0.0331225	0.296951	-0.723964	0.35125	1	911.494	1	0	0.5858
null1_301	1	302	G	A	0.118315	0.101274	1.36484	-0.109071	0.025	1	97.5	1	0	0.2427
null1_302	1	303	G	A	0.0282947	0.0429667	0.433657	-0.587603	0.1615	1	541.671	1	0	0.5102
null1_303	1	304	G	A	0.0596257	0.0373187	2.55279	-0.200674	0.2345	1	718.039	1	0	0.1101
null1_304	1	305	G	A	0.0507295	0.0321155	2.49512	-0.271465	0.41275	1	969.55	1	0	0.1142
null1_305	1	306	G	A	0.0336712	0.0412902	0.665001	-0.555632	0.1785	1	586.551	1	0	0.4148
null1_306	1	307	G	A	0.0329171	0.0384547	0.732729	-0.570401	0.2155	1	676.239	1	0	0.392
null1_307	1	308	G	A	0.0921015	0.0321844	8.18922	0.932543	0.407	1	965.404	2	0	0.004214
null1_308	1	309	G	A	0.0044508	0.0329961	0.0181949	-0.784548	0.35725	1	918.49	2	0	0.8927
null1_309	1	310	G	A	0.00584472	0.0357406	0.0267425	-0.749061	0.267	1	782.844	2	0	0.8701
null1_310	1	311	G	A	0.040355	0.0459485	0.771349	-0.490702	0.13725	1	473.65	2	0	0.3798
null1_311	1	312	G	A	0.0475198	0.0346708	1.87854	-0.371271	0.295	1	831.9	2	0	0.1705
null1_312	1	313	G	A	0	0.0332843	0	-0.784723	0.344	1	902.656	2	0	1
null1_313	1	314	G	A	0.0294981	0.0316282	0.869839	-0.621901	0.49075	1	999.658	2	0	0.351
null1_314	1	315	G	A	0.0902314	0.0366006	6.07769	0.531567	0.24825	1	746.488	2	0	0.01369
null1_315	1	316	G	A	0.0568417	0.0323583	3.08577	-0.143546	0.394	1	955.056	2	0	0.07898
null1_316	1	317	G	A	0.0205651	0.0323369	0.40445	-0.711271	0.3955	1	956.319	2	0	0.5248
null1_317	1	318	G	A	0.0123838	0.0441298	0.078749	-0.650298	0.15125	1	513.494	2	0	0.779
null1_318	1	319	G	A	0.027973	0.0356457	0.615833	-0.626094	0.26925	1	787.018	1	0	0.4326
null1_319	1	320	G	A	0.0447955	0.0326296	1.88471	-0.394268	0.37675	1	939.238	1	0	0.1698
null1_320	1	321	G	A	0.0408814	0.0354408	1.33059	-0.477919	0.27425	1	796.148	1	0	0.2487
null1_321	1	322	G	A	0.00815021	0.0317323	0.0659683	-0.790941	0.4585	1	993.111	1	0	0.7973
null1_322	1	323	G	A	0.0546679	0.0318088	2.95372	-0.178185	0.446	1	988.336	1	0	0.08568
null1_323	1	324	G	A	0.0975334	0.0317545	9.43399	1.19074	0.4545	1	991.719	1	0	0.00213
null1_324	1	325	G	A	0.0824279	0.0620723	1.76341	-0.178644	0.06975	1	259.54	1	0	0.1842
null1_325	1	326	G	A	0.014745	0.0346453	0.181135	-0.729583	0.29575	1	833.128	1	0	0.6704
null1_326	1	327	G	A	0.0249225	0.0361033	0.476526	-0.650147	0.25875	1	767.194	1	0	0.49
null1_327	1	328	G	A	0.0224066	0.0324588	0.476526	-0.694433	0.38725	1	949.15	1	0	0.49
null1_328	1	329	G	A	0.0679553	0.0487	1.9471	-0.226674	0.11975	1	421.64	1	0	0.1629
null1_329	1	330	G	A	0.0148998	0.0356983	0.174207	-0.718498	0.268	1	784.704	1	0	0.6764
dis1_0	1	331	G	A	0.114314	0.0620723	3.39158	0.143716	0.06975	1	259.54	1	0	0.06553
dis1_1	1	332	G	A	0.27178	0.0764742	12.63	1.93949	0.04475	1	170.99	1	0	0.0003796
dis1_2	1	333	G	A	0.0645391	0.236234	0.0746379	-0.110582	0.0045	1	17.919	1	0	0.7847
dis1_3	1	334	G	A	0.109874	0.0323984	11.5012	1.63274	0.39125	1	952.694	1	0	0.0006955
dis1_4	1	335	G	A	0.209617	0.0568476	13.5966	2.16135	0.0845	1	309.439	1	0	0.0002266
null2_0	1	336	G	A	0.0302298	0.0504832	0.358573	-0.53803	0.11025	1	392.38	1	0	0.5493
null2_1	1	337	G	A	0.0168725	0.0316356	0.284449	-0.745904	0.48575	1	999.188	1	0	0.5938
null2_2	1	338	G	A	0.00566897	0.0443112	0.0163675	-0.661531	0.14975	1	509.3	1	0	0.8982
null2_3	1	339	G	A	0.0682102	0.031678	4.63643	0.176312	0.4705	1	996.519	1	0	0.0313
null2_4	1	340	G	A	0.0310374	0.0324207	0.916483	-0.601775	0.38975	1	951.38	1	0	0.3384
null2_5	1	341	G	A	0.0260059	0.0407838	0.406601	-0.614546	0.18425	1	601.208	2	0	0.5237
null2_6	1	342	G	A	0.0374265	0.0316228	1.40074	-0.509453	0.499	1	999.996	2	0	0.2366
null2_7	1	343	G	A	0.00987481	0.0462695	0.0455478	-0.637659	0.135	1	467.1	2	0	0.831
null2_8	1	344	G	A	0.0160059	0.0954297	0.0281315	-0.360907	0.02825	1	109.808	2	0	0.8668
null2_9	1	345	G	A	0.00511148	0.0332161	0.0236808	-0.780581	0.347	1	906.364	2	0	0.8777
null2_10	1	346	G	A	0.00861796	0.0494687	0.0303493	-0.613378	0.1155	1	408.639	2	0	0.8617
null2_11	1	347	G	A	0.0160136	0.0476463	0.112959	-0.611754	0.126	1	440.496	2	0	0.7368
null2_12	1	348	G	A	0.00660358	0.0320381	0.042484	-0.791861	0.41975	1	974.24	2	0	0.8367
null2_13	1	349	G	A	0.0157627	0.0317257	0.246853	-0.752678	0.45975	1	993.52	2	0	0.6193
null2_14	1	350	G	A	0.0394965	0.0316664	1.55567	-0.47606	0.47375	1	997.244	2	0	0.2123
null2_15	1	351	G	A	0.00551367	0.0369562	0.0222591	-0.735955	0.24125	1	732.194	2	0	0.8814
null2_16	1	352	G	A	0.00705984	0.0369562	0.0364935	-0.732963	0.24125	1	732.194	1	0	0.8485
null2_17	1	353	G	A	0.0491883	0.0533021	0.8516	-0.416394	0.0975	1	351.975	1	0	0.3561
null2_18	1	354	G	A	0.0642142	0.0410445	2.44766	-0.186524	0.18125	1	593.594	1	0	0.1177
null2_19	1	355	G	A	0.0262498	0.0389907	0.453241	-0.623269	0.2075	1	657.775	1	0	0.5008
null2_20	1	356	G	A	0.0883541	0.0919488	0.923338	-0.213484	0.0305	1	118.279	1	0	0.3366
null2_21	1	357	G	A	0.0450141	0.0429667	1.09757	-0.449713	0.1615	1	541.671	1	0	0.2948
null2_22	1	358	G	A	0.00577727	0.0354107	0.0266181	-0.752988	0.275	1	797.5	2	0	0.8704
null2_23	1	359	G	A	0.0510575	0.0430206	1.40853	-0.384658	0.161	1	540.316	2	0	0.2353
null2_24	1	360	G	A	0.0260956	0.0317005	0.677642	-0.661691	0.465	1	995.1	2	0	0.4104
null2_25	1	361	G	A	0.0355748	0.0317157	1.25816	-0.538464	0.46175	1	994.148	2	0	0.262
null2_26	1	362	G	A	0.00399821	0.0316266	0.0159818	-0.802952	0.49225	1	999.76	2	0	0.8994
null2_27	1	363	G	A	0.0176983	0.044938	0.155109	-0.627017	0.14475	1	495.19	2	0	0.6937
null2_28	1	364	G	A	0.0251409	0.0692063	0.131968	-0.459826	0.05525	1	208.79	2	0	0.7164
null2_29	1	365	G	A	0.0425573	0.0367379	1.3419	-0.461059	0.2455	1	740.919	2	0	0.2467
null2_30	1	366	G	A	0.0431469	0.0545067	0.626614	-0.453373	0.09275	1	336.59	2	0	0.4286
null2_31	1	367	G	A	0.0196757	0.0750902	0.0686586	-0.441003	0.0465	1	177.351	2	0	0.7933
null2_32	1	368	G	A	0.134576	0.0950224	2.00579	-0.0119175	0.0285	1	110.751	2	0	0.1567
null2_33	1	369	G	A	0.0201231	0.0348718	0.332996	-0.694818	0.28925	1	822.338	1	0	0.5639
null2_34	1	370	G	A	0.0573909	0.0326862	3.08289	-0.140228	0.3735	1	935.991	1	0	0.07912
null2_35	1	371	G	A	0.00663247	0.0322986	0.0421679	-0.788504	0.39825	1	958.588	1	0	0.8373
null2_36	1	372	G	A	0.0276922	0.0322417	0.737696	-0.641925	0.4025	1	961.975	1	0	0.3904
null2_37	1	373	G	A	0.0601269	0.0316352	3.61241	-0.0408907	0.486	1	999.216	1	0	0.05735
null2_38	1	374	G	A	0.0384119	0.0319798	1.44272	-0.495972	0.4255	1	977.799	1	0	0.2297
null2_39	1	375	G	A	0.00892416	0.0506344	0.031063	-0.603729	0.1095	1	390.039	1	0	0.8601
null2_40	1	376	G	A	0.0813758	0.0465253	3.05922	-0.0144622	0.13325	1	461.978	1	0	0.08028
null2_41	1	377	G	A	0.036839	0.0725476	0.257852	-0.417722	0.05	1	190	1	0	0.6116
null2_42	1	378	G	A	0.0584356	0.0379694	2.36858	-0.232656	0.22325	1	693.638	1	0	0.1238
null2_43	1	379	G	A	0.0313997	0.0321875	0.951649	-0.597312	0.40675	1	965.218	1	0	0.3293
null2_44	1	380	G	A	0.0335789	0.0381691	0.773943	-0.564803	0.22	1	686.4	1	0	0.379
null2_45	1	381	G	A	0.0397466	0.0321813	1.52543	-0.475897	0.40725	1	965.59	1	0	0.2168
null2_46	1	382	G	A	0.037559	0.0327674	1.31384	-0.513316	0.369	1	931.356	1	0	0.2517
null2_47	1	383	G	A	0.0578896	0.0316799	3.33914	-0.0981878	0.47	1	996.4	1	0	0.06765
null2_48	1	384	G	A	0.00951614	0.0343898	0.0765704	-0.754762	0.3035	1	845.551	1	0	0.782
null2_49	1	385	G	A	0.00079626	0.577567	1.90066e-06	-0.0245915	0.00075	1	2.99775	0	0	0.9989
null2_50	1	386	G	A	0.0034123	0.0768849	0.00196975	-0.444746	0.04425	1	169.168	1	0	0.9646
null2_51	1	387	G	A	0.151283	0.0745212	4.12116	0.328699	0.04725	1	180.07	1	0	0.04235
null2_52	1	388	G	A	0.0589572	0.0323837	3.31453	-0.0948651	0.39225	1	953.56	2	0	0.06867
null2_53	1	389	G	A	0.054427	0.0340457	2.55566	-0.235659	0.31475	1	862.73	2	0	0.1099
null2_54	1	390	G	A	0.0296795	0.0316252	0.880737	-0.61963	0.49375	1	999.844	2	0	0.348
null2_55	1	391	G	A	0.0169969	0.0355218	0.228955	-0.709037	0.27225	1	792.52	2	0	0.6323
null2_56	1	392	G	A	0.0023015	0.0316877	0.00527522	-0.804404	0.468	1	995.904	2	0	0.9421
null2_57	1	393	G	A	0.0513396	0.0325915	2.4814	-0.268536	0.379	1	941.436	2	0	0.1152
null2_58	1	394	G	A	0.0069452	0.0365515	0.0361044	-0.737665	0.24925	1	748.498	2	0	0.8493
null2_59	1	395	G	A	0.0114961	0.0341646	0.113227	-0.749787	0.31075	1	856.738	2	0	0.7365
null2_60	1	396	G	A	0.0138827	0.0328521	0.178576	-0.752453	0.3645	1	926.559	2	0	0.6726
null2_61	1	397	G	A	0.0448561	0.0335557	1.78694	-0.403683	0.33275	1	888.11	2	0	0.1813
null2_62	1	398	G	A	0.00171462	0.0316527	0.00293435	-0.805368	0.47825	1	998.108	2	0	0.9568
null2_63	1	399	G	A	0.0396346	0.0390081	1.03238	-0.501861	0.20725	1	657.19	1	0	0.3096
null2_64	1	400	G	A	0.0120061	0.0320899	0.139981	-0.770519	0.415	1	971.1	1	0	0.7083
null2_65	1	401	G	A	0.0198632	0.0450677	0.194253	-0.617738	0.14375	1	492.344	1	0	0.6594
null2_66	1	402	G	A	0.0010311	0.0419704	0.000603559	-0.68732	0.17125	1	567.694	1	0	0.9804
null2_67	1	403	G	A	0.0253271	0.209116	0.0146688	-0.139528	0.00575	1	22.8678	1	0	0.9036
null2_68	1	404	G	A	0.0541173	0.0339662	2.5385	-0.240195	0.3175	1	866.775	1	0	0.1111
null2_69	1	405	G	A	0.0113268	0.0338884	0.111715	-0.753521	0.32025	1	870.76	1	0	0.7382
null2_70	1	406	G	A	0.032678	0.0318768	1.0509	-0.580293	0.437	1	984.124	1	0	0.3053
null2_71	1	407	G	A	0.0305	0.055599	0.30093	-0.511413	0.08875	1	323.494	1	0	0.5833
null2_72	1	408	G	A	0.0156245	0.037731	0.17148	-0.695934	0.22725	1	702.43	1	0	0.6788
null2_73	1	409	G	A	0.0468667	0.0422665	1.22952	-0.428775	0.16825	1	559.768	1	0	0.2675
null2_74	1	410	G	A	0.0238432	0.0319283	0.557671	-0.684131	0.431	1	980.956	1	0	0.4552
null2_75	1	411	G	A	0.0322752	0.0347571	0.862285	-0.584552	0.2925	1	827.775	1	0	0.3531
null2_76	1	412	G	A	0.0065408	0.0758711	0.00743205	-0.448737	0.0455	1	173.719	2	0	0.9313
null2_77	1	413	G	A	0.285399	0.353907	0.650315	-0.0259754	0.002	1	7.984	2	0	0.42
null2_78	1	414	G	A	0.00230862	0.0316761	0.00531179	-0.804552	0.471	1	996.636	2	0	0.9419
null2_79	1	415	G	A	0.013779	0.0381691	0.13032	-0.699756	0.22	1	686.4	2	0	0.7181
null2_80	1	416	G	A	0.0246434	0.0515779	0.228283	-0.556025	0.105	1	375.9	2	0	0.6328
null2_81	1	417	G	A	0.0400885	0.0319305	1.57626	-0.468317	0.43075	1	980.818	2	0	0.2093
null2_82	1	418	G	A	0.0200286	0.0365883	0.299653	-0.681816	0.2485	1	746.991	2	0	0.5841
null2_83	1	419	G	A	0.019389	0.0616653	0.0988616	-0.511086	0.07075	1	262.978	2	0	0.7532
null2_84	1	420	G	A	0.00391109	0.0335875	0.0135594	-0.778025	0.3315	1	886.431	2	0	0.9073
null2_85	1	421	G	A	0.0416334	0.0324939	1.64164	-0.447373	0.385	1	947.1	2	0	0.2001
null2_86	1	422	G	A	0.0124985	0.0353413	0.125069	-0.733063	0.27675	1	800.638	2	0	0.7236
null2_87	1	423	G	A	0.0517211	0.0342485	2.28061	-0.291345	0.308	1	852.544	1	0	0.131
null2_88	1	424	G	A	0.0217728	0.0322352	0.456211	-0.701627	0.403	1	962.364	1	0	0.4994
null2_89	1	425	G	A	0.0167629	0.0570782	0.0862498	-0.544227	0.08375	1	306.944	1	0	0.769
null2_90	1	426	G	A	0.228807	0.224168	1.04181	-0.0268281	0.005	1	19.9	1	0	0.3074
null2_91	1	427	G	A	0.0139823	0.0450352	0.0963945	-0.638277	0.144	1	493.056	1	0	0.7562
null2_92	1	428	G	A	0.0111461	0.0317445	0.123284	-0.778626	0.45625	1	992.344	1	0	0.7255
null2_93	1	429	G	A	0.00906442	0.036092	0.0630751	-0.7373	0.259	1	767.676	1	0	0.8017
null2_94	1	430	G	A	0.0754369	0.0675078	1.2487	-0.251526	0.05825	1	219.428	1	0	0.2638
null2_95	1	431	G	A	0.0690176	0.0423419	2.65692	-0.131417	0.1675	1	557.775	1	0	0.1031
null2_96	1	432	G	A	0.0214929	0.0459134	0.219135	-0.604998	0.1375	1	474.375	1	0	0.6397
null2_97	1	433	G	A	0.0562541	0.0417067	1.81927	-0.311282	0.174	1	574.896	1	0	0.1774
null2_98	1	434	G	A	0.0224967	0.0324397	0.480933	-0.693747	0.3885	1	950.271	1	0	0.488
null2_99	1	435	G	A	0.0215793	0.0326995	0.435505	-0.700029	0.37275	1	935.23	1	0	0.5093
null2_100	1	436	G	A	0.00277804	0.0347052	0.0064075	-0.765726	0.294	1	830.256	1	0	0.9362
null2_101	1	437	G	A	0.0514335	0.066578	0.596804	-0.383757	0.06	1	225.6	1	0	0.4398
null2_102	1	438	G	A	0.0193467	0.0328666	0.346502	-0.716731	0.36375	1	925.744	1	0	0.5561
null2_103	1	439	G	A	0.0316934	0.0321213	0.973536	-0.593527	0.41225	1	969.2	1	0	0.3238
null2_104	1	440	G	A	0.0356701	0.0451004	0.625529	-0.528253	0.1435	1	491.631	1	0	0.429
null2_105	1	441	G	A	0.00709701	0.0319106	0.0494632	-0.79207	0.433	1	982.044	1	0	0.824
null2_106	1	442	G	A	0.0167635	0.0345363	0.235603	-0.719409	0.299	1	838.396	1	0	0.6274
null2_107	1	443	G	A	0.0506187	0.0318415	2.52718	-0.268079	0.4415	1	986.311	1	0	0.1119
null2_108	1	444	G	A	0.0209315	0.0364784	0.329252	-0.676842	0.25075	1	751.498	1	0	0.5661
null2_109	1	445	G	A	0.0939065	0.0379241	6.13142	0.554673	0.224	1	695.296	1	0	0.01328
null2_110	1	446	G	A	0.00482574	0.0323727	0.0222213	-0.79176	0.393	1	954.204	1	0	0.8815
null2_111	1	447	G	A	0.054954	0.0344624	2.54277	-0.233618	0.30125	1	841.994	1	0	0.1108
null2_112	1	448	G	A	0.0478299	0.0679196	0.495916	-0.3961	0.0575	1	216.775	1	0	0.4813
null2_113	1	449	G	A	0.0805033	0.0573908	1.96763	-0.164425	0.08275	1	303.61	1	0	0.1607
null2_114	1	450	G	A	0.0206341	0.0319582	0.416876	-0.713574	0.42775	1	979.12	2	0	0.5185
null2_115	1	451	G	A	0.0302475	0.0338536	0.798307	-0.608904	0.3215	1	872.551	2	0	0.3716
null2_116	1	452	G	A	0.0174087	0.0316673	0.30221	-0.741718	0.4735	1	997.191	2	0	0.5825
null2_117	1	453	G	A	0.0439832	0.0319629	1.89357	-0.400711	0.42725	1	978.83	2	0	0.1688
null2_118	1	454	G	A	0.0472162	0.0319535	2.18347	-0.339449	0.42825	1	979.408	2	0	0.1395
null2_119	1	455	G	A	0.0633352	0.0348185	3.3088	-0.0682395	0.29075	1	824.858	2	0	0.06891
null2_120	1	456	G	A	0.0493833	0.0362412	1.85675	-0.358269	0.25575	1	761.368	2	0	0.173
null2_121	1	457	G	A	0.016043	0.0317005	0.256118	-0.751048	0.465	1	995.1	2	0	0.6128
null2_122	1	458	G	A	0.0187517	0.037731	0.246994	-0.680086	0.22725	1	702.43	2	0	0.6192
null2_123	1	459	G	A	0.00787175	0.0368397	0.0456573	-0.732361	0.2435	1	736.831	2	0	0.8308
null2_124	1	460	G	A	0.000819277	0.408555	4.02124e-06	-0.0466476	0.0015	1	5.991	2	0	0.9984
null2_125	1	461	G	A	0.00989772	0.0328235	0.0909285	-0.771371	0.366	1	928.176	1	0	0.763
null2_126	1	462	G	A	0.0206672	0.0352437	0.343877	-0.6881	0.27925	1	805.078	1	0	0.5576
null2_127	1	463	G	A	0.032678	0.0318768	1.0509	-0.580293	0.437	1	984.124	1	0	0.3053
null2_128	1	464	G	A	0.0603587	0.0361375	2.78973	-0.163253	0.258	1	765.744	1	0	0.09487
null2_129	1	465	G	A	0.03851	0.0452651	0.723801	-0.50648	0.14225	1	488.06	1	0	0.3949
null2_130	1	466	G	A	0.0302518	0.0368912	0.672446	-0.600041	0.2425	1	734.775	1	0	0.4122
null2_131	1	467	G	A	0.0255482	0.0364784	0.49051	-0.642926	0.25075	1	751.498	1	0	0.4837
null2_132	1	468	G	A	0.0664825	0.0340751	3.80663	0.0284931	0.31375	1	861.244	1	0	0.05105
null2_133	1	469	G	A	0.030922	0.0345363	0.801652	-0.599965	0.299	1	838.396	1	0	0.3706
null2_134	1	470	G	A	0.207079	0.200628	1.06534	-0.0344607	0.00625	1	24.8438	1	0	0.302
null2_135	1	471	G	A	0.102805	0.0541159	3.60893	0.147187	0.09425	1	341.468	1	0	0.05747
null2_136	1	472	G	A	0.00862151	0.0317085	0.0739288	-0.789569	0.46325	1	994.598	1	0	0.7857
null2_137	1	473	G	A	0.0430863	0.0343107	1.57695	-0.43906	0.306	1	849.456	1	0	0.2092
null2_138	1	474	G	A	0.0134065	0.0363943	0.135694	-0.718522	0.2525	1	754.975	1	0	0.7126
null2_139	1	475	G	A	0.0557467	0.0410445	1.84471	-0.312148	0.18125	1	593.594	1	0	0.1744
null2_140	1	476	G	A	0.0162213	0.0566202	0.0820787	-0.548283	0.08525	1	311.93	1	0	0.7745
null2_141	1	477	G	A	0.0510877	0.0634603	0.64808	-0.391397	0.0665	1	248.311	1	0	0.4208
null2_142	1	478	G	A	0.0525485	0.0442201	1.41215	-0.373237	0.1505	1	511.399	1	0	0.2347
null2_143	1	479	G	A	0.0024592	0.0379998	0.00418818	-0.728071	0.22275	1	692.53	1	0	0.9484
null2_144	1	480	G	A	0.018984	0.0527046	0.129742	-0.567391	0.1	1	360	1	0	0.7187
null2_145	1	481	G	A	0.0361714	0.0354307	1.04224	-0.538765	0.2745	1	796.599	1	0	0.3073
null2_146	1	482	G	A	0.00487648	0.0349077	0.019515	-0.760508	0.28825	1	820.648	2	0	0.8889
null2_147	1	483	G	A	0.0460766	0.031623	2.12302	-0.356419	0.498	1	999.984	2	0	0.1451
null2_148	1	484	G	A	0.00153917	0.0365392	0.00177442	-0.745027	0.2495	1	748.999	2	0	0.9664
null2_149	1	485	G	A	0.00939335	0.0482681	0.0378722	-0.621884	0.12225	1	429.22	2	0	0.8457
null2_150	1	486	G	A	0.00157606	0.0517414	0.000927826	-0.60107	0.10425	1	373.528	2	0	0.9757
null2_151	1	487	G	A	0.0494024	0.0398688	1.53543	-0.387995	0.1955	1	629.119	2	0	0.2153
null2_152	1	488	G	A	0.129482	0.097551	1.7618	-0.0489485	0.027	1	105.084	2	0	0.1844
null2_153	1	489	G	A	0.00439696	0.0356353	0.0152246	-0.752729	0.2695	1	787.479	2	0	0.9018
null2_154	1	490	G	A	0.0140465	0.0318303	0.194741	-0.762339	0.443	1	987.004	2	0	0.659
null2_155	1	491	G	A	0.0170086	0.0647193	0.0690671	-0.498032	0.06375	1	238.744	2	0	0.7927
null2_156	1	492	G	A	0.0114029	0.03443	0.109688	-0.74728	0.30225	1	843.58	2	0	0.7405
null2_157	1	493	G	A	0.0181829	0.0533631	0.116103	-0.565163	0.09725	1	351.17	1	0	0.7333
null2_158	1	494	G	A	0.013519	0.0325178	0.17284	-0.757975	0.3835	1	945.711	1	0	0.6776
null2_159	1	495	G	A	0.0116494	0.0382003	0.0929979	-0.707242	0.2195	1	685.279	1	0	0.7604
null2_160	1	496	G	A	0.00626967	0.0348185	0.0324241	-0.758863	0.29075	1	824.858	1	0	0.8571
null2_161	1	497	G	A	0.00464212	0.0338744	0.0187797	-0.773332	0.32075	1	871.478	1	0	0.891
null2_162	1	498	G	A	0.000741422	0.0354207	0.000438143	-0.758387	0.27475	1	797.05	1	0	0.9833
null2_163	1	499	G	A	0.00337288	0.0382316	0.00778317	-0.724769	0.219	1	684.156	1	0	0.9297
null2_164	1	500	G	A	0.0209946	0.0328378	0.408759	-0.703924	0.36525	1	927.37	1	0	0.5226
null2_165	1	501	G	A	0.0721133	0.040005	3.24939	-0.0288768	0.19375	1	624.844	1	0	0.07145
null2_166	1	502	G	A	0.046859	0.0333898	1.96951	-0.367103	0.3395	1	896.959	1	0	0.1605
null2_167	1	503	G	A	0	0.0318453	0	-0.803422	0.441	1	986.076	1	0	1
null2_168	1	504	G	A	0.0157145	0.0335494	0.219397	-0.73499	0.333	1	888.444	1	0	0.6395
null2_169	1	505	G	A	0.0071935	0.0319749	0.050613	-0.790974	0.426	1	978.096	1	0	0.822
null2_170	1	506	G	A	0.0160068	0.0426755	0.140686	-0.651272	0.16425	1	549.088	1	0	0.7076
null2_171	1	507	G	A	0.0536572	0.0316487	2.87437	-0.196969	0.47975	1	998.36	1	0	0.09
null2_172	1	508	G	A	0.00115755	0.0319511	0.00131252	-0.801738	0.4285	1	979.551	1	0	0.9711
null2_173	1	509	G	A	0.01437	0.0555285	0.0669704	-0.559124	0.089	1	324.316	1	0	0.7958
null2_174	1	510	G	A	0.0179784	0.0338191	0.282603	-0.718273	0.32275	1	874.33	1	0	0.595
null2_175	1	511	G	A	0.00357181	0.0393091	0.00825642	-0.71304	0.203	1	647.164	1	0	0.9276
null2_176	1	512	G	A	0.0260376	0.0398496	0.426928	-0.619815	0.19575	1	629.728	1	0	0.5135
null2_177	1	513	G	A	0.0538474	0.0333601	2.6054	-0.233138	0.34075	1	898.558	1	0	0.1065
null2_178	1	514	G	A	0.0198993	0.0369301	0.290344	-0.679905	0.24175	1	733.228	1	0	0.59
null2_179	1	515	G	A	0.00629009	0.0396969	0.0251073	-0.705413	0.19775	1	634.58	1	0	0.8741
null2_180	1	516	G	A	0.0403017	0.092688	0.18906	-0.342427	0.03	1	116.4	1	0	0.6637
null2_181	1	517	G	A	0.0108167	0.0316585	0.116738	-0.78116	0.47625	1	997.744	1	0	0.7326
null2_182	1	518	G	A	0.0279335	0.036613	0.582075	-0.622151	0.248	1	745.984	1	0	0.4455
null2_183	1	519	G	A	0.10149	0.0804467	1.59158	-0.130445	0.04025	1	154.52	1	0	0.2071
null2_184	1	520	G	A	0.00582184	0.0355731	0.0267841	-0.751028	0.271	1	790.236	1	0	0.87
null2_185	1	521	G	A	0.0383308	0.0325461	1.38707	-0.500589	0.38175	1	944.068	2	0	0.2389
null2_186	1	522	G	A	0.00521178	0.0316734	0.0270759	-0.799973	0.47175	1	996.808	2	0	0.8693
null2_187	1	523	G	A	0.0305024	0.0336716	0.820616	-0.606416	0.32825	1	882.008	2	0	0.365
null2_188	1	524	G	A	0.0121551	0.0378492	0.103135	-0.708972	0.22525	1	698.05	2	0	0.7481
null2_189	1	525	G	A	0.0232736	0.0320329	0.527879	-0.689077	0.42025	1	974.56	2	0	0.4675
null2_190	1	526	G	A	0.0107427	0.0322816	0.110743	-0.7742	0.3995	1	959.599	2	0	0.7393
null2_191	1	527	G	A	0.043505	0.0320759	1.83958	-0.410716	0.41625	1	971.944	2	0	0.175
null2_192	1	528	G	A	0.0474456	0.0360469	1.73244	-0.386545	0.26	1	769.6	2	0	0.1881
null2_193	1	529	G	A	0.0230302	0.0325178	0.501595	-0.688368	0.3835	1	945.711	2	0	0.4788
null2_194	1	530	G	A	0.0144468	0.0319945	0.203889	-0.758231	0.424	1	976.896	2	0	0.6516
null2_195	1	531	G	A	0.0192158	0.0698043	0.0757799	-0.467426	0.05425	1	205.228	2	0	0.7831
null2_196	1	532	G	A	0.0550012	0.0316534	3.01928	-0.166229	0.478	1	998.064	1	0	0.08228
null2_197	1	533	G	A	0.012994	0.0334994	0.150456	-0.750191	0.335	1	891.1	1	0	0.6981
null2_198	1	534	G	A	0.0632252	0.0519624	1.48048	-0.29819	0.10325	1	370.358	1	0	0.2237
null2_199	1	535	G	A	0.0901129	0.0326555	7.61484	0.816284	0.37525	1	937.75	1	0	0.005789
null2_200	1	536	G	A	0.0205171	0.0337378	0.369824	-0.70085	0.32575	1	878.548	2	0	0.5431
null2_201	1	537	G	A	0.0047303	0.0320046	0.0218451	-0.796679	0.423	1	976.284	2	0	0.8825
null2_202	1	538	G	A	0.0857345	0.0895001	0.917623	-0.222708	0.03225	1	124.84	2	0	0.3381
null2_203	1	539	G	A	0.000714455	0.035186	0.000412296	-0.761192	0.28075	1	807.718	2	0	0.9838
null2_204	1	540	G	A	0.0642751	0.0568476	1.27838	-0.306173	0.0845	1	309.439	2	0	0.2582
null2_205	1	541	G	A	0.0143946	0.0788248	0.0333483	-0.429447	0.042	1	160.944	2	0	0.8551
null2_206	1	542	G	A	0.0739352	0.0617662	1.43285	-0.24584	0.0705	1	262.119	2	0	0.2313
null2_207	1	543	G	A	0.0399435	0.0340094	1.37942	-0.484314	0.316	1	864.576	2	0	0.2402
null2_208	1	544	G	A	0.0393023	0.0469769	0.699951	-0.496644	0.13025	1	453.14	2	0	0.4028
null2_209	1	545	G	A	0.043935	0.0687686	0.40817	-0.408573	0.056	1	211.456	2	0	0.5229
null2_210	1	546	G	A	0.00829526	0.0425976	0.0379219	-0.673394	0.165	1	551.1	2	0	0.8456
null2_211	1	547	G	A	0.0374834	0.0319283	1.37825	-0.510286	0.431	1	980.956	1	0	0.2404
null2_212	1	548	G	A	0.00390526	0.0474456	0.00677498	-0.635329	0.12725	1	444.23	1	0	0.9344
null2_213	1	549	G	A	0.130464	0.0408699	10.1901	1.42204	0.18325	1	598.678	1	0	0.001412
null2_214	1	550	G	A	0.00910044	0.0333424	0.0744958	-0.768231	0.3415	1	899.511	1	0	0.7849
null2_215	1	551	G	A	0.00185025	0.0324283	0.00325547	-0.795052	0.38925	1	950.938	1	0	0.9545
null2_216	1	552	G	A	0.0381072	0.0747093	0.260175	-0.406395	0.047	1	179.164	1	0	0.61
null2_217	1	553	G	A	0.0233317	0.0421173	0.306882	-0.622124	0.16975	1	563.74	1	0	0.5796
null2_218	1	554	G	A	0.0157486	0.0340899	0.21342	-0.729546	0.31325	1	860.498	1	0	0.6441
null2_219	1	555	G	A	0.00768941	0.0404681	0.0361044	-0.695091	0.188	1	610.624	1	0	0.8493
null2_220	1	556	G	A	0.0215255	0.0364663	0.348436	-0.672945	0.251	1	751.996	1	0	0.555
null2_221	1	557	G	A	0.0517862	0.031669	2.67399	-0.239148	0.473	1	997.084	1	0	0.102
null2_222	1	558	G	A	0.0470543	0.0450352	1.09168	-0.432442	0.144	1	493.056	1	0	0.2961
null2_223	1	559	G	A	0.00948002	0.0319945	0.0877945	-0.782835	0.424	1	976.896	1	0	0.767
null2_224	1	560	G	A	0.0337732	0.0319511	1.1173	-0.565266	0.4285	1	979.551	1	0	0.2905
null2_225	1	561	G	A	0.0467928	0.0459485	1.03709	-0.435862	0.13725	1	473.65	1	0	0.3085
null2_226	1	562	G	A	0.356399	0.165165	4.65629	0.40473	0.00925	1	36.6577	1	0	0.03094
null2_227	1	563	G	A	0.0137957	0.0316279	0.19026	-0.765978	0.491	1	999.676	1	0	0.6627
null2_228	1	564	G	A	0.0576426	0.100302	0.33027	-0.291082	0.0255	1	99.399	1	0	0.5655
null2_229	1	565	G	A	0.0971449	0.0650774	2.22833	-0.0717328	0.063	1	236.124	1	0	0.1355
null2_230	1	566	G	A	0.0968941	0.0624886	2.40433	-0.0496319	0.06875	1	256.094	1	0	0.121
null2_231	1	567	G	A	0.0404619	0.0444337	0.829214	-0.492053	0.14875	1	506.494	1	0	0.3625
null2_232	1	568	G	A	0.00831148	0.0317986	0.0683192	-0.78956	0.4475	1	988.975	1	0	0.7938
null2_233	1	569	G	A	0.0696661	0.0404475	2.96661	-0.0838229	0.18825	1	611.248	2	0	0.085
null2_234	1	570	G	A	0.00308608	0.0325218	0.00900464	-0.792616	0.38325	1	945.478	2	0	0.9244
null2_235	1	571	G	A	0.0432169	0.0320927	1.81341	-0.416047	0.41475	1	970.93	2	0	0.1781
null2_236	1	572	G	A	0.0191131	0.0320147	0.356422	-0.725643	0.422	1	975.664	2	0	0.5505
null2_237	1	573	G	A	0.0141696	0.0592214	0.0572478	-0.535361	0.07725	1	285.13	2	0	0.8109
null2_238	1	574	G	A	0.0289038	0.0440999	0.42957	-0.577867	0.1515	1	514.191	2	0	0.5122
null2_239	1	575	G	A	0.06954	0.0503336	1.90877	-0.222519	0.111	1	394.716	2	0	0.1671
null2_240	1	576	G	A	0.00481259	0.0643677	0.00559012	-0.512663	0.0645	1	241.359	2	0	0.9404
null2_241	1	577	G	A	0.0407987	0.0318071	1.6453	-0.455269	0.44625	1	988.444	2	0	0.1996
null2_242	1	578	G	A	0.00587665	0.0379694	0.0239548	-0.724259	0.22325	1	693.638	2	0	0.877
null2_243	1	579	G	A	0.0146038	0.0455677	0.102711	-0.632139	0.14	1	481.6	2	0	0.7486
null2_244	1	580	G	A	0.0480399	0.0338467	2.01453	-0.352172	0.32175	1	872.908	1	0	0.1558
null2_245	1	581	G	A	0.020994	0.0316331	0.440461	-0.712861	0.48725	1	999.35	1	0	0.5069
null2_246	1	582	G	A	0.00522581	0.0333542	0.0245474	-0.778646	0.341	1	898.876	1	0	0.8755
null2_247	1	583	G	A	0.00832379	0.0452651	0.0338154	-0.649122	0.14225	1	488.06	1	0	0.8541
null2_248	1	584	G	A	0.00214427	0.0427541	0.00251538	-0.679232	0.1635	1	547.071	1	0	0.96
null2_249	1	585	G	A	0.0654189	0.0636832	1.05525	-0.309776	0.066	1	246.576	1	0	0.3043
null2_250	1	586	G	A	0.0308244	0.0579522	0.28291	-0.49874	0.081	1	297.756	1	0	0.5948
null2_251	1	587	G	A	0.0165112	0.0434899	0.144139	-0.642759	0.15675	1	528.718	1	0	0.7042
null2_252	1	588	G	A	0.0258428	0.0319019	0.656213	-0.663594	0.434	1	982.576	1	0	0.4179
null2_253	1	589	G	A	0.00993552	0.0361949	0.0753505	-0.733522	0.25675	1	763.318	2	0	0.7837
null2_254	1	590	G	A	0.00737383	0.0316716	0.0542059	-0.794244	0.47225	1	996.92	2	0	0.8159
null2_255	1	591	G	A	0.0348641	0.0383423	0.826798	-0.551881	0.21725	1	680.21	2	0	0.3632
null2_256	1	592	G	A	0.0745991	0.0517964	2.07429	-0.178524	0.104	1	372.736	2	0	0.1498
null2_257	1	593	G	A	0.00262373	0.0338954	0.0059918	-0.775773	0.32	1	870.4	2	0	0.9383
null2_258	1	594	G	A	0.0273524	0.0628069	0.18966	-0.485923	0.068	1	253.504	2	0	0.6632
null2_259	1	595	G	A	0.0325344	0.061267	0.28199	-0.477249	0.07175	1	266.408	2	0	0.5954
null2_260	1	596	G	A	0.0239834	0.0334441	0.514261	-0.673972	0.33725	1	894.05	2	0	0.4733
null2_261	1	597	G	A	0.127176	0.180305	0.497502	-0.114546	0.00775	1	30.7598	2	0	0.4806
null2_262	1	598	G	A	0.0181101	0.0405304	0.199654	-0.660305	0.18725	1	608.75	2	0	0.655
null2_263	1	599	G	A	0.0114488	0.0324588	0.12441	-0.768995	0.38725	1	949.15	2	0	0.7243
null2_264	1	600	G	A	0.0121609	0.0373602	0.105953	-0.713816	0.23375	1	716.444	1	0	0.7448
null2_265	1	601	G	A	0.0539068	0.0521304	1.06932	-0.38063	0.1025	1	367.975	1	0	0.3011
null2_266	1	602	G	A	0.0486871	0.0470924	1.06887	-0.419728	0.1295	1	450.919	1	0	0.3012
null2_267	1	603	G	A	0.0570168	0.0411331	1.92142	-0.295335	0.18025	1	591.04	1	0	0.1657
null2_268	1	604	G	A	0.00673532	0.0539242	0.0156009	-0.581323	0.095	1	343.9	1	0	0.9006
null2_269	1	605	G	A	0.0347874	0.0658135	0.279392	-0.450248	0.0615	1	230.871	1	0	0.5971
null2_270	1	606	G	A	0.0646196	0.0637956	1.026	-0.314917	0.06575	1	245.708	1	0	0.3111
null2_271	1	607	G	A	0.000926287	0.0401633	0.000531903	-0.705674	0.19175	1	619.928	1	0	0.9816
null2_272	1	608	G	A	0.0487077	0.0561747	0.751822	-0.416539	0.08675	1	316.898	1	0	0.3859
null2_273	1	609	G	A	0.00357757	0.0553884	0.00417194	-0.572816	0.0895	1	325.959	1	0	0.9485
null2_274	1	610	G	A	0.00724248	0.0338744	0.0457121	-0.767641	0.32075	1	871.478	1	0	0.8307
null2_275	1	611	G	A	0.0110626	0.0418256	0.0699566	-0.674314	0.17275	1	571.63	1	0	0.7914
null2_276	1	612	G	A	0.0070948	0.110921	0.00409122	-0.313571	0.02075	1	81.2777	1	0	0.949
null2_277	1	613	G	A	0.0343477	0.0335056	1.0509	-0.559791	0.33475	1	890.77	1	0	0.3053
null2_278	1	614	G	A	0.0299432	0.0318071	0.886234	-0.616089	0.44625	1	988.444	1	0	0.3465
null2_279	1	615	G	A	0.00661646	0.0323619	0.0418008	-0.787754	0.39375	1	954.844	1	0	0.838
null2_280	1	616	G	A	0.0119239	0.032417	0.135299	-0.767233	0.39	1	951.6	1	0	0.713
null2_281	1	617	G	A	0.0300248	0.031637	0.900678	-0.615249	0.485	1	999.1	1	0	0.3426
null2_282	1	618	G	A	0.032172	0.0365392	0.775243	-0.582365	0.2495	1	748.999	1	0	0.3786
null2_283	1	619	G	A	0.00725668	0.0338191	0.0460417	-0.76826	0.32275	1	874.33	1	0	0.8301
null2_284	1	620	G	A	0.0350587	0.031677	1.22491	-0.546012	0.47075	1	996.578	1	0	0.2684
null2_285	1	621	G	A	0.0479418	0.035167	1.85848	-0.369842	0.28125	1	808.594	1	0	0.1728
null2_286	1	622	G	A	0.00934015	0.0450352	0.0430134	-0.64932	0.144	1	493.056	1	0	0.8357
null2_287	1	623	G	A	0.0485245	0.0387517	1.56798	-0.392384	0.211	1	665.916	1	0	0.2105
null2_288	1	624	G	A	0.0824392	0.057001	2.09171	-0.141835	0.084	1	307.776	2	0	0.1481
null2_289	1	625	G	A	0.00681029	0.0345862	0.0387725	-0.760342	0.2975	1	835.975	2	0	0.8439
null2_290	1	626	G	A	0.102344	0.243053	0.177305	-0.096722	0.00425	1	16.9277	2	0	0.6737
null2_291	1	627	G	A	0.0487201	0.0382789	1.61994	-0.386351	0.21825	1	682.468	2	0	0.2031
null2_292	1	628	G	A	0.00796015	0.0324979	0.0599974	-0.782128	0.38475	1	946.87	2	0	0.8065
null2_293	1	629	G	A	0.0844896	0.0743345	1.29189	-0.211299	0.0475	1	180.975	2	0	0.2557
null2_294	1	630	G	A	0.0376415	0.0333898	1.27089	-0.514718	0.3395	1	896.959	2	0	0.2596
null2_295	1	631	G	A	0.340848	0.316624	1.15887	-0.00110251	0.0025	1	9.975	2	0	0.2817
null2_296	1	632	G	A	0.03987	0.05896	0.457276	-0.457132	0.078	1	287.664	2	0	0.4989
null2_297	1	633	G	A	0.0327128	0.0610711	0.286922	-0.47751	0.07225	1	268.12	2	0	0.5922
null2_298	1	634	G	A	0.0458206	0.035762	1.64164	-0.408809	0.2665	1	781.911	2	0	0.2001
null2_299	1	635	G	A	0.0195534	0.0321213	0.370558	-0.721253	0.41225	1	969.2	1	0	0.5427
null2_300	1	636	G	A	0.011121	0.13828	0.00646803	-0.244162	0.01325	1	52.2978	1	0	0.9359
null2_301	1	637	G	A	0.0316942	0.036576	0.750873	-0.587077	0.24875	1	747.494	1	0	0.3862
null2_302	1	638	G	A	0.0170432	0.0323583	0.277416	-0.737897	0.394	1	955.056	2	0	0.5984
null2_303	1	639	G	A	0.0363875	0.0347397	1.09712	-0.535234	0.293	1	828.604	2	0	0.2949
null2_304	1	640	G	A	0.0809378	0.0602149	1.80674	-0.180263	0.0745	1	275.799	2	0	0.1789
null2_305	1	641	G	A	0.0830074	0.218793	0.143935	-0.117647	0.00525	1	20.8897	2	0	0.7044
null2_306	1	642	G	A	0.00130052	0.03325	0.00152986	-0.784836	0.3455	1	904.519	2	0	0.9688
null2_307	1	643	G	A	0.0722595	0.0365515	3.90824	0.075967	0.24925	1	748.498	2	0	0.04805
null2_308	1	644	G	A	0.0601744	0.0328569	3.35405	-0.0809052	0.36425	1	926.288	2	0	0.06704
null2_309	1	645	G	A	0.0527719	0.0440106	1.43777	-0.369766	0.15225	1	516.28	2	0	0.2305
null2_310	1	646	G	A	0.0676045	0.052588	1.65264	-0.258813	0.1005	1	361.599	2	0	0.1986
null2_311	1	647	G	A	0.00827739	0.0331117	0.0624918	-0.773699	0.35175	1	912.088	2	0	0.8026
null2_312	1	648	G	A	0.000632924	0.0332217	0.000362961	-0.785442	0.34675	1	906.058	2	0	0.9848
null2_313	1	649	G	A	0.0363048	0.0412676	0.773943	-0.533149	0.17875	1	587.194	1	0	0.379
null2_314	1	650	G	A	0.0168357	0.0316867	0.282296	-0.745682	0.46825	1	995.968	1	0	0.5952
null2_315	1	651	G	A	0.0789695	0.0445266	3.14543	-0.0120347	0.148	1	504.384	1	0	0.07614
null2_316	1	652	G	A	0.0186078	0.037388	0.247699	-0.683737	0.23325	1	715.378	1	0	0.6187
null2_317	1	653	G	A	0.0216895	0.0337378	0.413299	-0.691664	0.32575	1	878.548	1	0	0.5203
null2_318	1	654	G	A	0.0365467	0.0337312	1.17391	-0.531056	0.326	1	878.896	1	0	0.2786
null2_319	1	655	G	A	0.0220973	0.0488325	0.204767	-0.582893	0.119	1	419.356	1	0	0.6509
null2_320	1	656	G	A	0.0195747	0.0317853	0.379259	-0.723821	0.4495	1	989.799	1	0	0.538
null2_321	1	657	G	A	0.0591172	0.0328046	3.24756	-0.104022	0.367	1	929.244	1	0	0.07153
null2_322	1	658	G	A	0.0983275	0.0316789	9.63408	1.23218	0.47025	1	996.46	1	0	0.00191
null2_323	1	659	G	A	0.039438	0.0356041	1.22696	-0.497882	0.27025	1	788.86	1	0	0.268
null2_324	1	660	G	A	0.0390139	0.0459837	0.719829	-0.50103	0.137	1	472.924	1	0	0.3962
null2_325	1	661	G	A	0.0561044	0.032169	3.04172	-0.155153	0.40825	1	966.328	1	0	0.08115
null2_326	1	662	G	A	0.0198961	0.0317431	0.39286	-0.721495	0.4565	1	992.431	1	0	0.5308
null2_327	1	663	G	A	0.0474074	0.0326254	2.11146	-0.34636	0.377	1	939.484	1	0	0.1462
null2_328	1	664	G	A	0.00834523	0.0317074	0.0692718	-0.790572	0.4635	1	994.671	1	0	0.7924
null2_329	1	665	G	A	0.0346427	0.033626	1.06138	-0.556104	0.33	1	884.4	1	0	0.3029
dis2_0	1	666	G	A	0.128823	0.0316422	16.5751	2.69388	0.4825	1	998.775	2	0	4.676e-05
dis2_1	1	667	G	A	0.183727	0.0355525	26.7059	4.83177	0.2715	1	791.151	2	0	2.369e-07
dis2_2	1	668	G	A	0.165539	0.0316734	27.3157	4.94629	0.47175	1	996.808	2	0	1.728e-07
dis2_3	1	669	G	A	0.162882	0.0438634	13.7893	2.18034	0.1535	1	519.751	2	0	0.0002045
dis2_4	1	670	G	A	0.139026	0.0317145	19.2165	3.24942	0.462	1	994.224	2	0	1.167e-05
null3_0	1	671	G	A	0.00570789	0.0353709	0.0260411	-0.753583	0.276	1	799.296	2	0	0.8718
null3_1	1	672	G	A	0.0272751	0.0318434	0.733658	-0.647948	0.44125	1	986.194	2	0	0.3917
null3_2	1	673	G	A	0.0781547	0.0424945	3.38255	0.0205824	0.166	1	553.776	2	0	0.06589
null3_3	1	674	G	A	0.0102347	0.0323476	0.100108	-0.775591	0.39475	1	955.69	2	0	0.7517
null3_4	1	675	G	A	0.0125135	0.0406141	0.0949307	-0.681312	0.18625	1	606.244	2	0	0.758
null3_5	1	676	G	A	0.0212395	0.0635714	0.111626	-0.496632	0.06625	1	247.444	2	0	0.7383
null3_6	1	677	G	A	0.0186487	0.0321272	0.336941	-0.728299	0.41175	1	968.848	1	0	0.5616
null3_7	1	678	G	A	0.0130421	0.0361949	0.129838	-0.722054	0.25675	1	763.318	1	0	0.7186
null3_8	1	679	G	A	0.0223036	0.0625941	0.126965	-0.499653	0.0685	1	255.231	1	0	0.7216
null3_9	1	680	G	A	0.0185589	0.0410887	0.204014	-0.653737	0.18075	1	592.318	1	0	0.6515
null3_10	1	681	G	A	0.0519762	0.0656889	0.626071	-0.38297	0.06175	1	231.748	1	0	0.4288
null3_11	1	682	G	A	0.0513167	0.0322715	2.52859	-0.26246	0.40025	1	960.2	1	0	0.1118
null3_12	1	683	G	A	0.0232291	0.0364905	0.405231	-0.660724	0.2505	1	750.999	1	0	0.5244
null3_13	1	684	G	A	0.0532126	0.0397159	1.79515	-0.335241	0.1975	1	633.975	1	0	0.1803
null3_14	1	685	G	A	0.0115811	0.0316233	0.134118	-0.777944	0.497	1	999.964	1	0	0.7142
null3_15	1	686	G	A	0.0352229	0.0324283	1.17978	-0.545943	0.38925	1	950.938	1	0	0.2774
null3_16	1	687	G	A	0.0689235	0.047209	2.13149	-0.200166	0.12875	1	448.694	1	0	0.1443
null3_17	1	688	G	A	0.012579	0.0318955	0.155536	-0.769786	0.43475	1	982.97	1	0	0.6933
null3_18	1	689	G	A	0.0185799	0.0317245	0.343005	-0.732311	0.46	1	993.6	1	0	0.5581
null3_19	1	690	G	A	0.0019942	0.0587024	0.00115405	-0.550088	0.07875	1	290.194	1	0	0.9729
null3_20	1	691	G	A	0.00494349	0.0376004	0.0172855	-0.729751	0.2295	1	707.319	1	0	0.8954
null3_21	1	692	G	A	0.0017448	0.0316237	0.00304415	-0.805734	0.49625	1	999.944	1	0	0.956
null3_22	1	693	G	A	0.0225212	0.04145	0.295212	-0.631117	0.17675	1	582.038	1	0	0.5869
null3_23	1	694	G	A	0.0112011	0.0422665	0.0702315	-0.669909	0.16825	1	559.768	1	0	0.791
null3_24	1	695	G	A	0.0191769	0.0323159	0.352147	-0.72262	0.397	1	957.564	1	0	0.5529
null3_25	1	696	G	A	0.0253412	0.0355218	0.508936	-0.650052	0.27225	1	792.52	1	0	0.4756
null3_26	1	697	G	A	0.028696	0.0323194	0.788348	-0.6302	0.39675	1	957.358	1	0	0.3746
null3_27	1	698	G	A	0.0271866	0.0319149	0.72564	-0.648713	0.4325	1	981.775	1	0	0.3943
null3_28	1	699	G	A	0.0299611	0.0361949	0.685205	-0.60519	0.25675	1	763.318	1	0	0.4078
null3_29	1	700	G	A	0.0690545	0.0341047	4.09973	0.0906037	0.31275	1	859.75	1	0	0.04289
null3_30	1	701	G	A	0	0.250502	0	-0.107083	0.004	1	15.936	1	0	1
null3_31	1	702	G	A	0.0324377	0.0366254	0.784396	-0.579476	0.24775	1	745.48	1	0	0.3758
null3_32	1	703	G	A	0.0648442	0.0681988	0.904043	-0.315145	0.057	1	215.004	1	0	0.3417
null3_33	1	704	G	A	0.00361495	0.0319798	0.0127777	-0.798929	0.4255	1	977.799	1	0	0.91
null3_34	1	705	G	A	0.00446829	0.0333132	0.0179908	-0.780552	0.34275	1	901.09	2	0	0.8933
null3_35	1	706	G	A	0.0112149	0.0376004	0.0889627	-0.714703	0.2295	1	707.319	2	0	0.7655
null3_36	1	707	G	A	0.00876706	0.0373049	0.0552303	-0.72509	0.23475	1	718.57	2	0	0.8142
null3_37	1	708	G	A	0.0755167	0.0608773	1.53878	-0.22983	0.07275	1	269.83	2	0	0.2148
null3_38	1	709	G	A	0.0150993	0.0431838	0.122256	-0.650214	0.1595	1	536.239	2	0	0.7266
null3_39	1	710	G	A	0.0998887	0.0396969	6.33168	0.611281	0.19775	1	634.58	2	0	0.01186
null3_40	1	711	G	A	0.0465037	0.031678	2.15507	-0.348934	0.4705	1	996.519	2	0	0.1421
null3_41	1	712	G	A	0.0650361	0.0320147	4.12676	0.0725033	0.422	1	975.664	2	0	0.04221
null3_42	1	713	G	A	0.0729652	0.177488	0.169002	-0.157441	0.008	1	31.744	2	0	0.681
null3_43	1	714	G	A	0.0358699	0.0373602	0.921811	-0.542502	0.23375	1	716.444	2	0	0.337
null3_44	1	715	G	A	0.0101964	0.0548399	0.0345698	-0.570686	0.0915	1	332.511	2	0	0.8525
null3_45	1	716	G	A	0.0196985	0.0337715	0.340224	-0.706689	0.3245	1	876.799	1	0	0.5597
null3_46	1	717	G	A	0.0157773	0.0379998	0.172386	-0.692787	0.22275	1	692.53	1	0	0.678
null3_47	1	718	G	A	0.000753725	0.0357941	0.000443407	-0.753971	0.26575	1	780.508	1	0	0.9832
null3_48	1	719	G	A	0.0075042	0.0381846	0.0386217	-0.718816	0.21975	1	685.84	1	0	0.8442
null3_49	1	720	G	A	0.0222112	0.0364784	0.370742	-0.668116	0.25075	1	751.498	1	0	0.5426
null3_50	1	721	G	A	0.0106182	0.039678	0.0716148	-0.695886	0.198	1	635.184	1	0	0.789
null3_51	1	722	G	A	0.00942752	0.0319019	0.0873295	-0.784158	0.434	1	982.576	1	0	0.7676
null3_52	1	723	G	A	0.0239303	0.0359136	0.443996	-0.659179	0.263	1	775.324	1	0	0.5052
null3_53	1	724	G	A	0.0542098	0.0328093	2.72999	-0.213352	0.36675	1	928.978	1	0	0.09848
null3_54	1	725	G	A	0.0777702	0.0478914	2.63701	-0.0911489	0.1245	1	435.999	1	0	0.1044
null3_55	1	726	G	A	0.061392	0.0412001	2.22037	-0.23244	0.1795	1	589.119	1	0	0.1362
null3_56	1	727	G	A	0.0345102	0.0408915	0.712244	-0.549712	0.183	1	598.044	1	0	0.3987
null3_57	1	728	G	A	0.0254555	0.0327999	0.602305	-0.663449	0.36725	1	929.51	1	0	0.4377
null3_58	1	729	G	A	0.169525	0.243053	0.486484	-0.0695962	0.00425	1	16.9277	1	0	0.4855
null3_59	1	730	G	A	0.00741232	0.0376437	0.0387725	-0.724758	0.22875	1	705.694	2	0	0.8439
null3_60	1	731	G	A	0.078253	0.0499906	2.45033	-0.11433	0.11275	1	400.15	2	0	0.1175
null3_61	1	732	G	A	0.0465032	0.0396029	1.37883	-0.423356	0.199	1	637.596	2	0	0.2403
null3_62	1	733	G	A	0.0289599	0.0317431	0.832329	-0.628347	0.4565	1	992.431	2	0	0.3616
null3_63	1	734	G	A	0	0.0325748	0	-0.793833	0.38	1	942.4	2	0	1
null3_64	1	735	G	A	0.0392102	0.0445889	0.773294	-0.502241	0.1475	1	502.975	2	0	0.3792
null3_65	1	736	G	A	0.0177973	0.0345529	0.265303	-0.71294	0.2985	1	837.591	2	0	0.6065
null3_66	1	737	G	A	0.0113421	0.046674	0.0590524	-0.631298	0.13225	1	459.04	2	0	0.808
null3_67	1	738	G	A	0.181864	0.120583	2.27471	0.0752902	0.0175	1	68.775	2	0	0.1315
null3_68	1	739	G	A	0.0385664	0.072038	0.286612	-0.414816	0.05075	1	192.698	2	0	0.5924
null3_69	1	740	G	A	0.0489301	0.0339235	2.08041	-0.337362	0.319	1	868.956	2	0	0.1492
null3_70	1	741	G	A	0.0227354	0.0400443	0.322348	-0.639664	0.19325	1	623.618	1	0	0.5702
null3_71	1	742	G	A	0.0263274	0.0328093	0.643906	-0.654527	0.36675	1	928.978	1	0	0.4223
null3_72	1	743	G	A	0.00428823	0.0323984	0.017519	-0.792421	0.39125	1	952.694	1	0	0.8947
null3_73	1	744	G	A	0.0964917	0.103309	0.87237	-0.188604	0.024	1	93.696	1	0	0.3503
null3_74	1	745	G	A	0.0319633	0.0625941	0.260758	-0.473169	0.0685	1	255.231	1	0	0.6096
null3_75	1	746	G	A	0.159342	0.151592	1.10487	-0.066453	0.011	1	43.516	1	0	0.2932
null3_76	1	747	G	A	0.0234562	0.0316271	0.550043	-0.689708	0.49175	1	999.728	1	0	0.4583
null3_77	1	748	G	A	0.0101662	0.0323194	0.0989445	-0.776206	0.39675	1	957.358	1	0	0.7531
null3_78	1	749	G	A	0.0328122	0.0370482	0.784396	-0.574779	0.2395	1	728.559	1	0	0.3758
null3_79	1	750	G	A	0.0283137	0.04419	0.410531	-0.580984	0.15075	1	512.098	1	0	0.5217
null3_80	1	751	G	A	0.00674848	0.0361719	0.0348073	-0.742322	0.25725	1	764.29	1	0	0.852
null3_81	1	752	G	A	0.00475678	0.0321012	0.0219576	-0.795379	0.414	1	970.416	1	0	0.8822
null3_82	1	753	G	A	0.0131092	0.0398688	0.108115	-0.686257	0.1955	1	629.119	1	0	0.7423
null3_84	1	755	G	A	0.0389238	0.183263	0.045111	-0.164991	0.0075	1	29.775	1	0	0.8318
null3_85	1	756	G	A	0.0489399	0.0547058	0.800312	-0.416849	0.092	1	334.144	1	0	0.371
null3_86	1	757	G	A	0.133044	0.127996	1.08044	-0.101826	0.0155	1	61.039	1	0	0.2986
null3_87	1	758	G	A	0.00121826	0.0325018	0.00140497	-0.794485	0.3845	1	946.639	1	0	0.9701
null3_88	1	759	G	A	0.0160284	0.0404475	0.157036	-0.670052	0.18825	1	611.248	1	0	0.6919
null3_89	1	760	G	A	0.032154	0.135777	0.0560815	-0.242168	0.01375	1	54.2438	1	0	0.8128
null3_90	1	761	G	A	0.0260568	0.0371282	0.492532	-0.635204	0.238	1	725.424	1	0	0.4828
null3_91	1	762	G	A	0.0751712	0.0370218	4.12276	0.125642	0.24	1	729.6	1	0	0.04231
null3_92	1	763	G	A	0.0278658	0.0384225	0.525984	-0.614069	0.216	1	677.376	1	0	0.4683
null3_93	1	764	G	A	0	0.0345695	0	-0.768729	0.298	1	836.784	2	0	1
null3_94	1	765	G	A	0.000683935	0.0343185	0.000397166	-0.771719	0.30575	1	849.068	2	0	0.9841
null3_95	1	766	G	A	0.00191582	0.0329254	0.00338568	-0.788589	0.36075	1	922.438	2	0	0.9536
null3_96	1	767	G	A	0.0567949	0.0680588	0.696388	-0.356305	0.05725	1	215.89	2	0	0.404
null3_97	1	768	G	A	0.254488	0.167422	2.31053	0.102518	0.009	1	35.676	2	0	0.1285
null3_98	1	769	G	A	0.0460157	0.0318088	2.09274	-0.360479	0.446	1	988.336	2	0	0.148
null3_99	1	770	G	A	0.019738	0.0319798	0.380941	-0.720906	0.4255	1	977.799	2	0	0.5371
null3_100	1	771	G	A	0.0212936	0.0316585	0.452395	-0.709994	0.47625	1	997.744	2	0	0.5012
null3_101	1	772	G	A	0.0358363	0.0367506	0.950862	-0.543093	0.24525	1	740.41	2	0	0.3295
null3_102	1	773	G	A	0.0345833	0.0436034	0.629061	-0.541083	0.15575	1	525.968	2	0	0.4277
null3_103	1	774	G	A	0.00145608	0.0351956	0.00171157	-0.760804	0.2805	1	807.279	2	0	0.967
null3_104	1	775	G	A	0.0419807	0.0590467	0.505485	-0.44693	0.07775	1	286.82	1	0	0.4771
null3_105	1	776	G	A	0.0704571	0.0486562	2.09688	-0.196297	0.12	1	422.4	1	0	0.1476
null3_106	1	777	G	A	0.00287426	0.0316323	0.00825642	-0.804514	0.48775	1	999.4	1	0	0.9276
null3_107	1	778	G	A	0.0421403	0.0351291	1.43901	-0.458646	0.28225	1	810.34	1	0	0.2303
null3_108	1	779	G	A	0.0720255	0.0319238	5.0903	0.275176	0.4315	1	981.231	1	0	0.02406
null3_109	1	780	G	A	0.0507048	0.0448738	1.27677	-0.395568	0.14525	1	496.61	1	0	0.2585
null3_110	1	781	G	A	0.0825117	0.0344705	5.72973	0.437793	0.301	1	841.596	1	0	0.01668
null3_111	1	782	G	A	0.172949	0.0704194	6.03185	0.685831	0.05325	1	201.658	1	0	0.01405
null3_112	1	783	G	A	0.0023539	0.0316961	0.0055152	-0.804241	0.466	1	995.376	1	0	0.9408
null3_113	1	784	G	A	0.0766876	0.0320815	5.71402	0.408805	0.41575	1	971.608	1	0	0.01683
null3_114	1	785	G	A	0.0404516	0.0316698	1.63147	-0.459957	0.47275	1	997.03	1	0	0.2015
null3_115	1	786	G	A	0.0528932	0.0656889	0.648359	-0.378598	0.06175	1	231.748	1	0	0.4207
null3_116	1	787	G	A	0.0854342	0.0656889	1.69153	-0.174061	0.06175	1	231.748	1	0	0.1934
null3_117	1	788	G	A	0.0487176	0.0357194	1.86021	-0.363286	0.2675	1	783.775	1	0	0.1726
null3_118	1	789	G	A	0.048812	0.0403858	1.46082	-0.398506	0.189	1	613.116	1	0	0.2268
null3_119	1	790	G	A	0.0344361	0.070576	0.238075	-0.431842	0.053	1	200.764	1	0	0.6256
null3_120	1	791	G	A	0.0421011	0.134576	0.0978707	-0.238517	0.014	1	55.216	1	0	0.7544
null3_121	1	792	G	A	0.0564758	0.0330638	2.91756	-0.170691	0.354	1	914.736	1	0	0.08762
null3_122	1	793	G	A	0.00365169	0.032486	0.0126355	-0.792312	0.3855	1	947.559	1	0	0.9105
null3_123	1	794	G	A	0.0208014	0.0321098	0.419674	-0.710999	0.41325	1	969.898	1	0	0.5171
null3_124	1	795	G	A	0.0280933	0.0328958	0.729331	-0.63536	0.36225	1	924.1	1	0	0.3931
null3_125	1	796	G	A	0.0532421	0.0318285	2.7982	-0.210864	0.44325	1	987.118	1	0	0.09437
null3_126	1	797	G	A	0.0552832	0.0384225	2.07022	-0.290572	0.216	1	677.376	1	0	0.1502
null3_127	1	798	G	A	0.0333036	0.0396969	0.703829	-0.563502	0.19775	1	634.58	1	0	0.4015
null3_128	1	799	G	A	0	0.0739658	0	-0.459836	0.048	1	182.784	1	0	1
null3_129	1	800	G	A	0.0193597	0.032025	0.365441	-0.723597	0.421	1	975.036	1	0	0.5455
null3_130	1	801	G	A	0.00662239	0.061465	0.0116084	-0.529694	0.07125	1	264.694	1	0	0.9142
null3_131	1	802	G	A	0.0122668	0.0328811	0.139178	-0.760419	0.363	1	924.924	1	0	0.7091
null3_132	1	803	G	A	0.0127449	0.0359026	0.126015	-0.726256	0.26325	1	775.798	2	0	0.7226
null3_133	1	804	G	A	0.022302	0.0392911	0.322181	-0.647537	0.20325	1	647.758	2	0	0.5703
null3_134	1	805	G	A	0.0124861	0.0316818	0.155323	-0.772668	0.4695	1	996.279	2	0	0.6935
null3_135	1	806	G	A	0.0268845	0.0595762	0.203638	-0.503764	0.07625	1	281.744	2	0	0.6518
null3_136	1	807	G	A	0.0274697	0.0338884	0.657059	-0.638314	0.32025	1	870.76	2	0	0.4176
null3_137	1	808	G	A	0.0133947	0.0370086	0.130998	-0.712507	0.24025	1	730.12	2	0	0.7174
null3_138	1	809	G	A	0.0545404	0.0506852	1.15791	-0.373239	0.10925	1	389.258	2	0	0.2819
null3_139	1	810	G	A	0.0102635	0.0343501	0.0892757	-0.752566	0.30475	1	847.51	2	0	0.7651
null3_140	1	811	G	A	0.0426324	0.0317097	1.80757	-0.422139	0.463	1	994.524	2	0	0.1788
null3_141	1	812	G	A	0.0922622	0.0875565	1.11038	-0.194343	0.03375	1	130.444	2	0	0.292
null3_142	1	813	G	A	0.0875277	0.0456703	3.67302	0.105651	0.13925	1	479.438	2	0	0.0553
null3_143	1	814	G	A	0.0244316	0.0337782	0.523153	-0.667954	0.32425	1	876.448	1	0	0.4695
null3_144	1	815	G	A	0.191595	0.408555	0.219921	-0.0374077	0.0015	1	5.991	1	0	0.6391
null3_145	1	816	G	A	0.119243	0.0549753	4.70471	0.372923	0.091	1	330.876	1	0	0.03008
null3_146	1	817	G	A	0.00778791	0.0335243	0.0539663	-0.770278	0.334	1	889.776	1	0	0.8163
null3_147	1	818	G	A	0.0621901	0.0334018	3.4666	-0.0508179	0.339	1	896.316	1	0	0.06262
null3_148	1	819	G	A	0.0123989	0.0355014	0.121977	-0.731818	0.27275	1	793.43	1	0	0.7269
null3_149	1	820	G	A	0.0740285	0.0819249	0.816519	-0.269351	0.03875	1	148.994	1	0	0.3662
null3_150	1	821	G	A	0.077299	0.035186	4.82622	0.255012	0.28075	1	807.718	1	0	0.02803
null3_151	1	822	G	A	0.028227	0.0343264	0.676195	-0.628956	0.3055	1	848.679	1	0	0.4109
null3_152	1	823	G	A	0.00364318	0.0327039	0.0124097	-0.789533	0.3725	1	934.975	1	0	0.9113
null3_153	1	824	G	A	0.0106037	0.0339805	0.0973773	-0.755408	0.317	1	866.044	1	0	0.755
null3_154	1	825	G	A	0.0785762	0.0598471	1.72384	-0.198862	0.0755	1	279.199	1	0	0.1892
null3_155	1	826	G	A	0.0187093	0.0369171	0.256839	-0.687093	0.242	1	733.744	1	0	0.6123
null3_156	1	827	G	A	0.023812	0.0387517	0.377582	-0.641647	0.211	1	665.916	1	0	0.5389
null3_157	1	828	G	A	0.0168108	0.0760704	0.0488367	-0.43988	0.04525	1	172.81	2	0	0.8251
null3_158	1	829	G	A	0.0194864	0.0476059	0.167548	-0.600872	0.12625	1	441.244	2	0	0.6823
null3_159	1	830	G	A	0.00867889	0.0547727	0.0251073	-0.573094	0.09175	1	333.328	2	0	0.8741
null3_160	1	831	G	A	0.0224706	0.0326041	0.474991	-0.692892	0.37825	1	940.708	2	0	0.4907
null3_161	1	832	G	A	0.0276328	0.0491923	0.315541	-0.557219	0.117	1	413.244	2	0	0.5743
null3_162	1	833	G	A	0.00783662	0.0354408	0.0488935	-0.747937	0.27425	1	796.148	2	0	0.825
null3_163	1	834	G	A	0.0135039	0.031935	0.178808	-0.764331	0.43025	1	980.54	2	0	0.6724
null3_164	1	835	G	A	0.0133135	0.033758	0.155536	-0.745883	0.325	1	877.5	2	0	0.6933
null3_165	1	836	G	A	0.0104954	0.0317789	0.109075	-0.781181	0.4505	1	990.199	2	0	0.7412
null3_166	1	837	G	A	0.158348	0.1748	0.820616	-0.0806266	0.00825	1	32.7277	2	0	0.365
null3_167	1	838	G	A	0.0542167	0.0623836	0.755311	-0.376531	0.069	1	256.956	2	0	0.3848
null3_168	1	839	G	A	0.0318954	0.0320732	0.988946	-0.590883	0.4165	1	972.111	1	0	0.32
null3_169	1	840	G	A	0.0197422	0.0348808	0.320346	-0.697379	0.289	1	821.916	1	0	0.5714
null3_170	1	841	G	A	0.00247931	0.0461974	0.00288021	-0.647105	0.1355	1	468.559	1	0	0.9572
null3_171	1	842	G	A	0.0132023	0.033626	0.154151	-0.747823	0.33	1	884.4	1	0	0.6946
null3_172	1	843	G	A	0.067061	0.0919488	0.531922	-0.283689	0.0305	1	118.279	1	0	0.4658
null3_173	1	844	G	A	0.0281653	0.0479327	0.345275	-0.561558	0.12425	1	435.248	1	0	0.5568
null3_174	1	845	G	A	0.0242771	0.0387517	0.392477	-0.638527	0.211	1	665.916	1	0	0.531
null3_175	1	846	G	A	0.00785958	0.033758	0.0542059	-0.767298	0.325	1	877.5	1	0	0.8159
null3_176	1	847	G	A	0.0174151	0.0330013	0.278479	-0.72941	0.357	1	918.204	1	0	0.5977
null3_177	1	848	G	A	0.236859	0.243053	0.949683	-0.0289701	0.00425	1	16.9277	1	0	0.3298
null3_178	1	849	G	A	0.0327875	0.0367886	0.79431	-0.575572	0.2445	1	738.879	1	0	0.3728
null3_179	1	850	G	A	0.0575637	0.0331551	3.01436	-0.149169	0.34975	1	909.7	1	0	0.08253
null3_180	1	851	G	A	0.0801432	0.117338	0.466504	-0.220399	0.0185	1	72.631	1	0	0.4946
null3_181	1	852	G	A	0.0571391	0.106042	0.290344	-0.280091	0.02275	1	88.9298	1	0	0.59
null3_182	1	853	G	A	0.0105222	0.0319238	0.108638	-0.779352	0.4315	1	981.231	1	0	0.7417
null3_183	1	854	G	A	0.00565619	0.0375289	0.0227152	-0.729409	0.23075	1	710.018	1	0	0.8802
null3_184	1	855	G	A	0.00487572	0.0458434	0.0113116	-0.648537	0.138	1	475.824	1	0	0.9153
null3_185	1	856	G	A	0.0266581	0.041636	0.40994	-0.605378	0.17475	1	576.85	1	0	0.522
null3_186	1	857	G	A	0.0269602	0.0332671	0.656777	-0.646049	0.34475	1	903.59	1	0	0.4177
null3_187	1	858	G	A	0.0256526	0.0328958	0.608111	-0.661006	0.36225	1	924.1	1	0	0.4355
null3_188	1	859	G	A	0.0290163	0.0624886	0.215617	-0.482759	0.06875	1	256.094	1	0	0.6424
null3_189	1	860	G	A	0.0685282	0.0523003	1.71684	-0.247754	0.10175	1	365.588	1	0	0.1901
null3_190	1	861	G	A	0.0213192	0.0322749	0.436328	-0.705323	0.4	1	960	1	0	0.5089
null3_191	1	862	G	A	0.159041	0.102789	2.39402	0.0713645	0.02425	1	94.6477	1	0	0.1218
null3_192	1	863	G	A	0.045891	0.032833	1.95359	-0.377203	0.3655	1	927.639	1	0	0.1622
null3_193	1	864	G	A	0.0167824	0.0329757	0.259012	-0.733854	0.35825	1	919.628	1	0	0.6108
null3_194	1	865	G	A	0.0907	0.0342485	7.01344	0.705712	0.308	1	852.544	1	0	0.00809
null3_195	1	866	G	A	0.029276	0.037731	0.602042	-0.60558	0.22725	1	702.43	1	0	0.4378
null3_196	1	867	G	A	0.0417493	0.0393091	1.12801	-0.478766	0.203	1	647.164	2	0	0.2882
null3_197	1	868	G	A	0.00348011	0.0317431	0.0120195	-0.802234	0.4565	1	992.431	2	0	0.9127
null3_198	1	869	G	A	0.00788809	0.0337312	0.0546867	-0.767531	0.326	1	878.896	2	0	0.8151
null3_199	1	870	G	A	0.00508359	0.0663199	0.0058756	-0.500889	0.0605	1	227.359	2	0	0.9389
null3_200	1	871	G	A	0.0452446	0.037402	1.46334	-0.428387	0.233	1	714.844	2	0	0.2264
null3_201	1	872	G	A	0.0158276	0.117338	0.0181949	-0.292882	0.0185	1	72.631	2	0	0.8927
null3_202	1	873	G	A	0.00990216	0.032002	0.0957424	-0.781051	0.42325	1	976.438	2	0	0.757
null3_203	1	874	G	A	0.0182665	0.0474059	0.148472	-0.606513	0.1275	1	444.975	2	0	0.7
null3_204	1	875	G	A	0.0319953	0.0372911	0.736141	-0.58224	0.235	1	719.1	2	0	0.3909
null3_205	1	876	G	A	0.0690002	0.0396216	3.03274	-0.0776401	0.19875	1	636.994	2	0	0.0816
null3_206	1	877	G	A	0.550197	0.50025	1.20966	0.0040164	0.001	1	3.996	0	0	0.2714
null3_207	1	878	G	A	0.0425937	0.0341646	1.55431	-0.445558	0.31075	1	856.738	1	0	0.2125
null3_208	1	879	G	A	0.125892	0.0541159	5.41189	0.511474	0.09425	1	341.468	1	0	0.02
null3_209	1	880	G	A	0.0360276	0.0470152	0.58721	-0.519535	0.13	1	452.4	1	0	0.4435
null3_210	1	881	G	A	0.0233115	0.200628	0.0135007	-0.148373	0.00625	1	24.8438	1	0	0.9075
null3_211	1	882	G	A	0.0333714	0.0352727	0.895096	-0.571592	0.2785	1	803.751	1	0	0.3441
null3_212	1	883	G	A	0.0475546	0.0323369	2.16266	-0.33908	0.3955	1	956.319	1	0	0.1414
null3_213	1	884	G	A	0.0207923	0.0369955	0.31587	-0.673805	0.2405	1	730.639	1	0	0.5741
null3_214	1	885	G	A	0.0242176	0.0316867	0.584125	-0.681695	0.46825	1	995.968	1	0	0.4447
null3_215	1	886	G	A	0.0117237	0.0534861	0.0480454	-0.578043	0.09675	1	349.558	1	0	0.8265
null3_216	1	887	G	A	0.00176108	0.0317742	0.00307191	-0.803717	0.45125	1	990.494	1	0	0.9558
null3_217	1	888	G	A	0.0499106	0.0467114	1.14167	-0.407889	0.132	1	458.304	1	0	0.2853
null3_218	1	889	G	A	0.0599004	0.14673	0.166657	-0.204476	0.01175	1	46.4477	1	0	0.6831
null3_219	1	890	G	A	0.123293	0.094224	1.7122	-0.0659789	0.029	1	112.636	1	0	0.1907
null3_220	1	891	G	A	0.016709	0.169775	0.0096862	-0.187771	0.00875	1	34.6938	1	0	0.9216
null3_221	1	892	G	A	0.0150315	0.0317121	0.224676	-0.757561	0.4625	1	994.375	1	0	0.6355
null3_222	1	893	G	A	0.0419435	0.043632	0.924103	-0.479626	0.1555	1	525.279	1	0	0.3364
null3_223	1	894	G	A	0.0283692	0.0364905	0.604411	-0.618835	0.2505	1	750.999	1	0	0.4369
null3_224	1	895	G	A	0.377451	0.289109	1.7045	0.0349128	0.003	1	11.964	1	0	0.1917
null3_225	1	896	G	A	0.0512895	0.0895001	0.328405	-0.329376	0.03225	1	124.84	1	0	0.5666
null3_226	1	897	G	A	0.023022	0.034053	0.457063	-0.678541	0.3145	1	862.359	1	0	0.499
null3_227	1	898	G	A	0.00622097	0.03274	0.0361044	-0.784051	0.3705	1	932.919	1	0	0.8493
null3_228	1	899	G	A	0.026111	0.0318212	0.67331	-0.661026	0.44425	1	987.568	1	0	0.4119
null3_229	1	900	G	A	0	0.0318608	0	-0.803216	0.439	1	985.116	1	0	1
null3_230	1	901	G	A	0.0304858	0.0316867	0.925634	-0.609309	0.46825	1	995.968	1	0	0.336
null3_231	1	902	G	A	0.0123953	0.0357088	0.120493	-0.729688	0.26775	1	784.24	1	0	0.7285
null3_232	1	903	G	A	0.188711	0.101274	3.47215	0.254972	0.025	1	97.5	2	0	0.06241
null3_233	1	904	G	A	0.0044426	0.0332785	0.0178216	-0.781027	0.34425	1	902.968	2	0	0.8938
null3_234	1	905	G	A	0.0468525	0.0734235	0.407188	-0.384662	0.04875	1	185.494	2	0	0.5234
null3_235	1	906	G	A	0.0332175	0.035234	0.88881	-0.573367	0.2795	1	805.519	2	0	0.3458
null3_236	1	907	G	A	0.242481	0.111581	4.72252	0.469417	0.0205	1	80.319	2	0	0.02977
null3_237	1	908	G	A	0.00609133	0.0345115	0.0311528	-0.762862	0.29975	1	839.6	2	0	0.8599
null3_238	1	909	G	A	0.0150688	0.0319419	0.222555	-0.754969	0.4295	1	980.119	2	0	0.6371
null3_239	1	910	G	A	0.00874762	0.0318071	0.0756366	-0.787895	0.44625	1	988.444	2	0	0.7833
null3_240	1	911	G	A	0.0427633	0.0324821	1.73322	-0.428143	0.38575	1	947.788	2	0	0.188
null3_241	1	912	G	A	0.0134108	0.0480574	0.0778736	-0.615456	0.1235	1	432.991	2	0	0.7802
null3_242	1	913	G	A	0.0425128	0.031883	1.77796	-0.426204	0.43625	1	983.744	2	0	0.1824
null3_243	1	914	G	A	0.0232666	0.0367886	0.399979	-0.658455	0.2445	1	738.879	1	0	0.5271
null3_244	1	915	G	A	0.0377496	0.0484823	0.606259	-0.503401	0.121	1	425.436	1	0	0.4362
null3_245	1	916	G	A	0.0777961	0.033101	5.52375	0.379943	0.35225	1	912.68	1	0	0.01876
null3_246	1	917	G	A	0.000786756	0.0371416	0.000448702	-0.738437	0.23775	1	724.9	1	0	0.9831
null3_247	1	918	G	A	0.0502823	0.0332958	2.28061	-0.302503	0.3435	1	902.031	1	0	0.131
null3_248	1	919	G	A	0.00087743	1.00013	7.6969e-07	-0.00851458	0.00025	1	0.99975	0	0	0.9993
null3_249	1	920	G	A	0.096952	0.109011	0.790993	-0.187522	0.0215	1	84.151	1	0	0.3738
null3_250	1	921	G	A	0.0431857	0.0379392	1.2957	-0.457853	0.22375	1	694.744	1	0	0.255
null3_251	1	922	G	A	0.0369297	0.0393998	0.878547	-0.530015	0.20175	1	644.188	1	0	0.3486
null3_252	1	923	G	A	0.0169355	0.0318141	0.283371	-0.743766	0.44525	1	988.01	1	0	0.5945
null3_253	1	924	G	A	0.0545179	0.0316972	2.95826	-0.178606	0.46575	1	995.308	1	0	0.08544
null3_254	1	925	G	A	0.0163802	0.0389389	0.176959	-0.681667	0.20825	1	659.528	1	0	0.674
null3_255	1	926	G	A	0.0184414	0.0316244	0.340051	-0.734265	0.495	1	999.9	1	0	0.5598
null3_256	1	927	G	A	0.0263679	0.038668	0.464992	-0.624228	0.21225	1	668.8	1	0	0.4953
null3_257	1	928	G	A	0.00835515	0.0689135	0.0146994	-0.484232	0.05575	1	210.568	1	0	0.9035
null3_258	1	929	G	A	0.00621361	0.0330116	0.0354288	-0.780704	0.3565	1	917.631	1	0	0.8507
null3_259	1	930	G	A	0.00607711	0.0363705	0.0279187	-0.741471	0.253	1	755.964	1	0	0.8673
null3_260	1	931	G	A	0.0308345	0.0433496	0.505944	-0.568988	0.158	1	532.144	1	0	0.4769
null3_261	1	932	G	A	0.0314577	0.0346538	0.824046	-0.593842	0.2955	1	832.719	1	0	0.364
null3_262	1	933	G	A	0.112533	0.0562481	4.0026	0.237935	0.0865	1	316.071	1	0	0.04543
null3_263	1	934	G	A	0.0495958	0.06003	0.682579	-0.405311	0.075	1	277.5	1	0	0.4087
null3_264	1	935	G	A	0.0324654	0.0320514	1.026	-0.583314	0.4185	1	973.431	1	0	0.3111
null3_265	1	936	G	A	0.00439047	0.0328569	0.0178553	-0.786407	0.36425	1	926.288	1	0	0.8937
null3_266	1	937	G	A	0.0135924	0.0345363	0.154896	-0.736442	0.299	1	838.396	1	0	0.6939
null3_267	1	938	G	A	0.0733377	0.0330638	4.91984	0.252103	0.354	1	914.736	1	0	0.02655
null3_268	1	939	G	A	0.0481833	0.0318396	2.29012	-0.318296	0.44175	1	986.428	1	0	0.1302
null3_269	1	940	G	A	0.0217308	0.0681988	0.101531	-0.471369	0.057	1	215.004	1	0	0.75
null3_270	1	941	G	A	0.00287612	0.0316527	0.00825642	-0.80424	0.47825	1	998.108	1	0	0.9276
null3_271	1	942	G	A	0.0364883	0.0673724	0.293321	-0.438633	0.0585	1	220.311	1	0	0.5881
null3_272	1	943	G	A	0.0211761	0.0350821	0.36435	-0.6857	0.2835	1	812.511	2	0	0.5461
null3_273	1	944	G	A	0.0747784	0.0359576	4.32484	0.15747	0.262	1	773.424	2	0	0.03756
null3_274	1	945	G	A	0.0162434	0.0328714	0.244185	-0.738322	0.3635	1	925.471	2	0	0.6212
null3_275	1	946	G	A	0.0101181	0.0768849	0.0173188	-0.441839	0.04425	1	169.168	2	0	0.8953
null3_276	1	947	G	A	0.0561339	0.0341873	2.69601	-0.204435	0.31	1	855.6	2	0	0.1006
null3_277	1	948	G	A	0.0125979	0.0384064	0.107594	-0.701936	0.21625	1	677.944	2	0	0.7429
null3_278	1	949	G	A	0.0880555	0.118124	0.555695	-0.204136	0.01825	1	71.6677	2	0	0.456
null3_279	1	950	G	A	0.0194349	0.040005	0.236014	-0.65811	0.19375	1	624.844	2	0	0.6271
null3_280	1	951	G	A	0.036188	0.0453317	0.637273	-0.523777	0.14175	1	486.628	2	0	0.4247
null3_281	1	952	G	A	0.0446732	0.0316877	1.98752	-0.384299	0.468	1	995.904	2	0	0.1586
null3_282	1	953	G	A	0.0408353	0.0328473	1.54551	-0.463324	0.36475	1	926.83	2	0	0.2138
null3_283	1	954	G	A	0.0274588	0.0389389	0.497275	-0.614597	0.20825	1	659.528	1	0	0.4807
null3_284	1	955	G	A	0.00515734	0.0546391	0.00890932	-0.577355	0.09225	1	334.96	1	0	0.9248
null3_285	1	956	G	A	0.0447476	0.0318396	1.97517	-0.384989	0.44175	1	986.428	1	0	0.1599
null3_286	1	957	G	A	0.0927797	0.0318647	8.47783	0.990103	0.4385	1	984.871	1	0	0.003595
null3_287	1	958	G	A	0.0598878	0.092688	0.417474	-0.301564	0.03	1	116.4	1	0	0.5182
null3_288	1	959	G	A	0.165445	0.189647	0.76105	-0.0752829	0.007	1	27.804	1	0	0.383
null3_289	1	960	G	A	0.0159569	0.0553188	0.0832051	-0.557365	0.08975	1	326.78	1	0	0.773
null3_290	1	961	G	A	0.0562313	0.0520182	1.16855	-0.361256	0.103	1	369.564	1	0	0.2797
null3_291	1	962	G	A	0.0267097	0.0387014	0.476307	-0.621503	0.21175	1	667.648	1	0	0.4901
null3_292	1	963	G	A	0.010895	0.0370482	0.0864806	-0.721415	0.2395	1	728.559	1	0	0.7687
null3_293	1	964	G	A	0.0763207	0.0362645	4.42915	0.182459	0.25525	1	760.39	1	0	0.03533
null3_294	1	965	G	A	0.039105	0.0324939	1.44831	-0.488285	0.385	1	947.1	1	0	0.2288
null3_295	1	966	G	A	0.0253739	0.0316961	0.640859	-0.669545	0.466	1	995.376	1	0	0.4234
null3_296	1	967	G	A	0.0691126	0.0345946	3.99114	0.0730435	0.29725	1	835.57	1	0	0.04574
null3_297	1	968	G	A	0.0459634	0.0534245	0.74019	-0.438111	0.097	1	350.364	1	0	0.3896
null3_298	1	969	G	A	0.0242609	0.0415193	0.341439	-0.620798	0.176	1	580.096	1	0	0.559
null3_299	1	970	G	A	0.0152627	0.0331279	0.212262	-0.74181	0.351	1	911.196	2	0	0.645
null3_300	1	971	G	A	0.0267249	0.0316263	0.714058	-0.654948	0.4925	1	999.775	2	0	0.3981
null3_301	1	972	G	A	0.0370662	0.0412001	0.809392	-0.526421	0.1795	1	589.119	2	0	0.3683
null3_302	1	973	G	A	0.0118599	0.0369301	0.103135	-0.719252	0.24175	1	733.228	2	0	0.7481
null3_303	1	974	G	A	0.013024	0.0316285	0.169564	-0.770359	0.4905	1	999.639	2	0	0.6805
null3_304	1	975	G	A	0.0302004	0.0417541	0.523153	-0.580644	0.1735	1	573.591	2	0	0.4695
null3_305	1	976	G	A	0.0143008	0.0351008	0.165991	-0.7273	0.283	1	811.644	2	0	0.6837
null3_306	1	977	G	A	0.0372608	0.0332049	1.25921	-0.519452	0.3475	1	906.975	2	0	0.2618
null3_307	1	978	G	A	0.0477545	0.0318106	2.25365	-0.326383	0.44575	1	988.228	2	0	0.1333
null3_308	1	979	G	A	0.0361143	0.0430747	0.702933	-0.530661	0.1605	1	538.959	2	0	0.4018
null3_309	1	980	G	A	0.0798854	0.0532412	2.25133	-0.132949	0.09775	1	352.78	2	0	0.1335
null3_310	1	981	G	A	0.0319145	0.0317363	1.01126	-0.590515	0.45775	1	992.86	2	0	0.3146
null3_311	1	982	G	A	0.0560639	0.0356983	2.46645	-0.235957	0.268	1	784.704	2	0	0.1163
null3_312	1	983	G	A	0.035454	0.0337715	1.10213	-0.545729	0.3245	1	876.799	2	0	0.2938
null3_313	1	984	G	A	0.077613	0.0367127	4.46926	0.195298	0.246	1	741.936	2	0	0.03451
null3_314	1	985	G	A	0.0847128	0.0359798	5.54345	0.413621	0.2615	1	772.471	2	0	0.01855
null3_315	1	986	G	A	0.0073336	0.0371956	0.0388732	-0.729755	0.23675	1	722.798	2	0	0.8437
null3_316	1	987	G	A	0.0181306	0.0323947	0.313238	-0.729839	0.3915	1	952.911	2	0	0.5757
null3_317	1	988	G	A	0.0107401	0.0336782	0.101699	-0.758257	0.328	1	881.664	2	0	0.7498
null3_318	1	989	G	A	0.0978066	0.145211	0.453664	-0.16641	0.012	1	47.424	2	0	0.5006
null3_319	1	990	G	A	0.0129108	0.0316469	0.166435	-0.770778	0.4805	1	998.479	2	0	0.6833
null3_320	1	991	G	A	0.0148701	0.0331661	0.201018	-0.743703	0.34925	1	909.098	2	0	0.6539
null3_321	1	992	G	A	0.0140412	0.0434899	0.10424	-0.65104	0.15675	1	528.718	1	0	0.7468
null3_322	1	993	G	A	0.0214467	0.0431291	0.247276	-0.624773	0.16	1	537.6	1	0	0.619
null3_323	1	994	G	A	0.00448249	0.0333248	0.0180927	-0.780382	0.34225	1	900.46	1	0	0.893
null3_324	1	995	G	A	0.0127728	0.0361033	0.125164	-0.724099	0.25875	1	767.194	1	0	0.7235
null3_325	1	996	G	A	0.0251812	0.0317902	0.627429	-0.671156	0.44875	1	989.494	1	0	0.4283
null3_326	1	997	G	A	0.0566455	0.0946206	0.358393	-0.305257	0.02875	1	111.694	1	0	0.5494
null3_327	1	998	G	A	0.0812435	0.0318106	6.5228	0.576652	0.44575	1	988.228	1	0	0.01065
null3_328	1	999	G	A	0.0204355	0.0432664	0.223084	-0.628491	0.15875	1	534.194	1	0	0.6367
null3_329	1	1000	G	A	0.046711	0.0346794	1.81424	-0.384728	0.29475	1	831.49	1	0	0.178
