Chr	Gene.id	Name	Start	End	Length	SNPs	Tests	SNP.id	SNP.pos	SNP.maf	SNP.qual	SNP.chi2	N.tot	N.better	Pval	IsBest
2	35	gene1	0	36	37	39	38.5866	null2_0	1	0.03375	1	0.568259	100	100	1	0
2	35	gene1	0	36	37	39	38.5866	null2_1	2	0.38625	1	0.396192	100	100	1	0
2	35	gene1	0	36	37	39	38.5866	null2_2	3	0.2015	1	1.08936	100	100	1	0
2	35	gene1	0	36	37	39	38.5866	null2_3	4	0.365	1	0.208011	100	100	1	0
2	35	gene1	0	36	37	39	38.5866	null2_4	5	0.44025	1	0.931697	100	100	1	0
2	35	gene1	0	36	37	39	38.5866	null2_5	6	0.17275	1	0.213068	100	100	1	0
2	35	gene1	0	36	37	39	38.5866	null2_6	7	0.27875	1	1.27046	100	100	1	0
2	35	gene1	0	36	37	39	38.5866	null2_7	8	0.1465	1	0.96934	100	100	1	0
2	35	gene1	0	36	37	39	38.5866	null2_8	9	0.46175	1	0.40425	100	100	1	0
2	35	gene1	0	36	37	39	38.5866	null2_9	10	0.36875	1	0.523419	100	100	1	0
2	35	gene1	0	36	37	39	38.5866	null2_10	11	0.357	1	0.0235649	100	100	1	0
2	35	gene1	0	36	37	39	38.5866	null2_12	13	0.04025	1	1.1593	100	100	1	0
2	35	gene1	0	36	37	39	38.5866	null2_13	14	0.14475	1	2.69335	100	100	1	0
2	35	gene1	0	36	37	39	38.5866	null2_14	15	0.378	1	0.0925718	100	100	1	0
2	35	gene1	0	36	37	39	38.5866	null2_15	16	0.15025	1	0.0159975	100	100	1	0
2	35	gene1	0	36	37	39	38.5866	null2_16	17	0.0235	1	0.12811	100	100	1	0
2	35	gene1	0	36	37	39	38.5866	null2_17	18	0.131	1	2.16572	100	100	1	0
2	35	gene1	0	36	37	39	38.5866	null2_18	19	0.198	1	1.85066	100	100	1	0
2	35	gene1	0	36	37	39	38.5866	null2_19	20	0.47825	1	3.58046	100	95	0.950495	0
2	35	gene1	0	36	37	39	38.5866	null2_20	21	0.36325	1	0.346621	100	100	1	0
2	35	gene1	0	36	37	39	38.5866	null2_21	22	0.16425	1	0.0755746	100	100	1	0
2	35	gene1	0	36	37	39	38.5866	null2_22	23	0.15475	1	0.142611	100	100	1	0
2	35	gene1	0	36	37	39	38.5866	null2_23	24	0.21225	1	0.0851944	100	100	1	0
2	35	gene1	0	36	37	39	38.5866	null2_24	25	0.36125	1	1.32898	100	100	1	0
2	35	gene1	0	36	37	39	38.5866	null2_25	26	0.23125	1	1.78398	100	100	1	0
2	35	gene1	0	36	37	39	38.5866	null2_26	27	0.39975	1	0.0415144	100	100	1	0
2	35	gene1	0	36	37	39	38.5866	null2_27	28	0.493	1	0.133797	100	100	1	0
2	35	gene1	0	36	37	39	38.5866	null2_28	29	0.1415	1	4.78608	100	69	0.693069	1
2	35	gene1	0	36	37	39	38.5866	null2_29	30	0.3215	1	0.257269	100	100	1	0
2	35	gene1	0	36	37	39	38.5866	null2_30	31	0.11925	1	0.140972	100	100	1	0
2	35	gene1	0	36	37	39	38.5866	null2_31	32	0.3565	1	0.785618	100	100	1	0
2	35	gene1	0	36	37	39	38.5866	null2_33	34	0.071	1	0.0203616	100	100	1	0
2	35	gene1	0	36	37	39	38.5866	null2_34	35	0.116	1	0.121604	100	100	1	0
2	35	gene1	0	36	37	39	38.5866	null2_35	36	0.4875	1	0.00136651	100	100	1	0
2	35	gene1	0	36	37	39	38.5866	null2_36	37	0.0945	1	0.095541	100	100	1	0
2	35	gene1	0	36	37	39	38.5866	null2_37	38	0.42775	1	0.250493	100	100	1	0
2	35	gene1	0	36	37	39	38.5866	null2_38	39	0.12775	1	0.0195223	100	100	1	0
2	35	gene1	0	36	37	39	38.5866	null2_39	40	0.3505	1	1.03663	100	100	1	0
2	35	gene1	0	36	37	39	38.5866	null2_40	41	0.19325	1	0.2294	100	100	1	0
2	36	Gene2	36	49	14	23	22.8749	null2_30	31	0.11925	1	0.140972	100	100	1	0
2	36	Gene2	36	49	14	23	22.8749	null2_31	32	0.3565	1	0.785618	100	100	1	0
2	36	Gene2	36	49	14	23	22.8749	null2_33	34	0.071	1	0.0203616	100	100	1	0
2	36	Gene2	36	49	14	23	22.8749	null2_34	35	0.116	1	0.121604	100	100	1	0
2	36	Gene2	36	49	14	23	22.8749	null2_35	36	0.4875	1	0.00136651	100	100	1	0
2	36	Gene2	36	49	14	23	22.8749	null2_36	37	0.0945	1	0.095541	100	100	1	0
2	36	Gene2	36	49	14	23	22.8749	null2_37	38	0.42775	1	0.250493	100	100	1	0
2	36	Gene2	36	49	14	23	22.8749	null2_38	39	0.12775	1	0.0195223	100	100	1	0
2	36	Gene2	36	49	14	23	22.8749	null2_39	40	0.3505	1	1.03663	100	100	1	0
2	36	Gene2	36	49	14	23	22.8749	null2_40	41	0.19325	1	0.2294	100	100	1	0
2	36	Gene2	36	49	14	23	22.8749	null2_41	42	0.46175	1	0.632811	100	100	1	0
2	36	Gene2	36	49	14	23	22.8749	null2_42	43	0.3715	1	2.46384	100	94	0.940594	0
2	36	Gene2	36	49	14	23	22.8749	null2_43	44	0.41225	1	2.14174	100	98	0.980198	0
2	36	Gene2	36	49	14	23	22.8749	null2_44	45	0.05225	1	0.208621	100	100	1	0
2	36	Gene2	36	49	14	23	22.8749	null2_45	46	0.498	1	4.59233	100	57	0.574257	1
2	36	Gene2	36	49	14	23	22.8749	null2_46	47	0.2875	1	0.869485	100	100	1	0
2	36	Gene2	36	49	14	23	22.8749	null2_47	48	0.49575	1	0.119639	100	100	1	0
2	36	Gene2	36	49	14	23	22.8749	null2_48	49	0.4885	1	3.45616	100	76	0.762376	0
2	36	Gene2	36	49	14	23	22.8749	null2_49	50	0.38575	1	0.00036173	100	100	1	0
2	36	Gene2	36	49	14	23	22.8749	null2_50	51	0.079	1	-9.08585e-13	100	100	1	0
2	36	Gene2	36	49	14	23	22.8749	null2_51	52	0.322	1	0.0238785	100	100	1	0
2	36	Gene2	36	49	14	23	22.8749	null2_52	53	0.38025	1	0.380084	100	100	1	0
2	36	Gene2	36	49	14	23	22.8749	null2_53	54	0.02175	1	2.11912	100	98	0.980198	0
2	37	Gene3	49	75	27	37	36.6613	null2_43	44	0.41225	1	2.14174	100	100	1	0
2	37	Gene3	49	75	27	37	36.6613	null2_44	45	0.05225	1	0.208621	100	100	1	0
2	37	Gene3	49	75	27	37	36.6613	null2_45	46	0.498	1	4.59233	100	72	0.722772	0
2	37	Gene3	49	75	27	37	36.6613	null2_46	47	0.2875	1	0.869485	100	100	1	0
2	37	Gene3	49	75	27	37	36.6613	null2_47	48	0.49575	1	0.119639	100	100	1	0
2	37	Gene3	49	75	27	37	36.6613	null2_48	49	0.4885	1	3.45616	100	91	0.910891	0
2	37	Gene3	49	75	27	37	36.6613	null2_49	50	0.38575	1	0.00036173	100	100	1	0
2	37	Gene3	49	75	27	37	36.6613	null2_50	51	0.079	1	-9.08585e-13	100	100	1	0
2	37	Gene3	49	75	27	37	36.6613	null2_51	52	0.322	1	0.0238785	100	100	1	0
2	37	Gene3	49	75	27	37	36.6613	null2_52	53	0.38025	1	0.380084	100	100	1	0
2	37	Gene3	49	75	27	37	36.6613	null2_53	54	0.02175	1	2.11912	100	100	1	0
2	37	Gene3	49	75	27	37	36.6613	null2_54	55	0.1135	1	0.40408	100	100	1	0
2	37	Gene3	49	75	27	37	36.6613	null2_55	56	0.418	1	0.00532691	100	100	1	0
2	37	Gene3	49	75	27	37	36.6613	null2_56	57	0.1425	1	3.39419	100	92	0.920792	0
2	37	Gene3	49	75	27	37	36.6613	null2_57	58	0.471	1	-9.08585e-13	100	100	1	0
2	37	Gene3	49	75	27	37	36.6613	null2_58	59	0.38025	1	1.27144	100	100	1	0
2	37	Gene3	49	75	27	37	36.6613	null2_59	60	0.24225	1	0.924769	100	100	1	0
2	37	Gene3	49	75	27	37	36.6613	null2_60	61	0.26575	1	0.457971	100	100	1	0
2	37	Gene3	49	75	27	37	36.6613	null2_61	62	0.38825	1	3.68258	100	89	0.891089	0
2	37	Gene3	49	75	27	37	36.6613	null2_62	63	0.39375	1	1.23565	100	100	1	0
2	37	Gene3	49	75	27	37	36.6613	null2_63	64	0.46675	1	0.0725934	100	100	1	0
2	37	Gene3	49	75	27	37	36.6613	null2_64	65	0.0555	1	0.00655005	100	100	1	0
2	37	Gene3	49	75	27	37	36.6613	null2_65	66	0.4045	1	1.36992	100	100	1	0
2	37	Gene3	49	75	27	37	36.6613	null2_66	67	0.0785	1	0.00461376	100	100	1	0
2	37	Gene3	49	75	27	37	36.6613	null2_67	68	0.35325	1	0.602921	100	100	1	0
2	37	Gene3	49	75	27	37	36.6613	null2_68	69	0.22475	1	0.0384841	100	100	1	0
2	37	Gene3	49	75	27	37	36.6613	null2_69	70	0.37425	1	2.31099	100	100	1	0
2	37	Gene3	49	75	27	37	36.6613	null2_70	71	0.339	1	0.053244	100	100	1	0
2	37	Gene3	49	75	27	37	36.6613	null2_71	72	0.11925	1	1.44221	100	100	1	0
2	37	Gene3	49	75	27	37	36.6613	null2_72	73	0.24525	1	0.834858	100	100	1	0
2	37	Gene3	49	75	27	37	36.6613	null2_73	74	0.02775	1	0.526882	100	100	1	0
2	37	Gene3	49	75	27	37	36.6613	null2_74	75	0.1085	1	2.19422	100	100	1	0
2	37	Gene3	49	75	27	37	36.6613	null2_75	76	0.152	1	1.51392	100	100	1	0
2	37	Gene3	49	75	27	37	36.6613	null2_76	77	0.25775	1	0.000432738	100	100	1	0
2	37	Gene3	49	75	27	37	36.6613	null2_77	78	0.15525	1	0.966726	100	100	1	0
2	37	Gene3	49	75	27	37	36.6613	null2_78	79	0.26175	1	0.12682	100	100	1	0
2	37	Gene3	49	75	27	37	36.6613	null2_79	80	0.0315	1	6.84367	100	27	0.277228	1
2	38	Gene4	75	104	30	40	39.6315	null2_69	70	0.37425	1	2.31099	100	100	1	0
2	38	Gene4	75	104	30	40	39.6315	null2_70	71	0.339	1	0.053244	100	100	1	0
2	38	Gene4	75	104	30	40	39.6315	null2_71	72	0.11925	1	1.44221	100	100	1	0
2	38	Gene4	75	104	30	40	39.6315	null2_72	73	0.24525	1	0.834858	100	100	1	0
2	38	Gene4	75	104	30	40	39.6315	null2_73	74	0.02775	1	0.526882	100	100	1	0
2	38	Gene4	75	104	30	40	39.6315	null2_74	75	0.1085	1	2.19422	100	100	1	0
2	38	Gene4	75	104	30	40	39.6315	null2_75	76	0.152	1	1.51392	100	100	1	0
2	38	Gene4	75	104	30	40	39.6315	null2_76	77	0.25775	1	0.000432738	100	100	1	0
2	38	Gene4	75	104	30	40	39.6315	null2_77	78	0.15525	1	0.966726	100	100	1	0
2	38	Gene4	75	104	30	40	39.6315	null2_78	79	0.26175	1	0.12682	100	100	1	0
2	38	Gene4	75	104	30	40	39.6315	null2_79	80	0.0315	1	6.84367	100	37	0.376238	1
2	38	Gene4	75	104	30	40	39.6315	null2_80	81	0.44275	1	0.000337462	100	100	1	0
2	38	Gene4	75	104	30	40	39.6315	null2_81	82	0.0415	1	0.0777351	100	100	1	0
2	38	Gene4	75	104	30	40	39.6315	null2_82	83	0.42875	1	0.741515	100	100	1	0
2	38	Gene4	75	104	30	40	39.6315	null2_83	84	0.49125	1	0.334662	100	100	1	0
2	38	Gene4	75	104	30	40	39.6315	null2_84	85	0.0185	1	0.163645	100	100	1	0
2	38	Gene4	75	104	30	40	39.6315	null2_85	86	0.17475	1	1.10266	100	100	1	0
2	38	Gene4	75	104	30	40	39.6315	null2_86	87	0.431	1	0.623737	100	100	1	0
2	38	Gene4	75	104	30	40	39.6315	null2_87	88	0.47975	1	0.421621	100	100	1	0
2	38	Gene4	75	104	30	40	39.6315	null2_88	89	0.44325	1	0.861994	100	100	1	0
2	38	Gene4	75	104	30	40	39.6315	null2_89	90	0.323	1	0.152525	100	100	1	0
2	38	Gene4	75	104	30	40	39.6315	null2_90	91	0.38025	1	1.24683	100	100	1	0
2	38	Gene4	75	104	30	40	39.6315	null2_91	92	0.35975	1	1.00572	100	100	1	0
2	38	Gene4	75	104	30	40	39.6315	null2_92	93	0.14175	1	0.000684825	100	100	1	0
2	38	Gene4	75	104	30	40	39.6315	null2_93	94	0.28475	1	0.0684376	100	100	1	0
2	38	Gene4	75	104	30	40	39.6315	null2_94	95	0.3325	1	0.333965	100	100	1	0
2	38	Gene4	75	104	30	40	39.6315	null2_95	96	0.09825	1	0.706399	100	100	1	0
2	38	Gene4	75	104	30	40	39.6315	null2_96	97	0.4175	1	0.0649099	100	100	1	0
2	38	Gene4	75	104	30	40	39.6315	null2_97	98	0.381	1	0.650944	100	100	1	0
2	38	Gene4	75	104	30	40	39.6315	null2_98	99	0.395	1	0.0498578	100	100	1	0
2	38	Gene4	75	104	30	40	39.6315	null2_99	100	0.254	1	0.688723	100	100	1	0
2	38	Gene4	75	104	30	40	39.6315	null2_100	101	0.295	1	1.10435	100	100	1	0
2	38	Gene4	75	104	30	40	39.6315	null2_101	102	0.01675	1	1.09033	100	100	1	0
2	38	Gene4	75	104	30	40	39.6315	null2_102	103	0.19325	1	0.447301	100	100	1	0
2	38	Gene4	75	104	30	40	39.6315	null2_103	104	0.415	1	0.0904817	100	100	1	0
2	38	Gene4	75	104	30	40	39.6315	null2_104	105	0.13625	1	1.5515	100	100	1	0
2	38	Gene4	75	104	30	40	39.6315	null2_105	106	0.30575	1	1.38832	100	100	1	0
2	38	Gene4	75	104	30	40	39.6315	null2_106	107	0.448	1	0.900506	100	100	1	0
2	38	Gene4	75	104	30	40	39.6315	null2_107	108	0.49825	1	0.00836708	100	100	1	0
2	38	Gene4	75	104	30	40	39.6315	null2_108	109	0.306	1	0.624879	100	100	1	0
2	39	Gene5	104	141	38	48	47.4088	null2_98	99	0.395	1	0.0498578	100	100	1	0
2	39	Gene5	104	141	38	48	47.4088	null2_99	100	0.254	1	0.688723	100	100	1	0
2	39	Gene5	104	141	38	48	47.4088	null2_100	101	0.295	1	1.10435	100	100	1	0
2	39	Gene5	104	141	38	48	47.4088	null2_101	102	0.01675	1	1.09033	100	100	1	0
2	39	Gene5	104	141	38	48	47.4088	null2_102	103	0.19325	1	0.447301	100	100	1	0
2	39	Gene5	104	141	38	48	47.4088	null2_103	104	0.415	1	0.0904817	100	100	1	0
2	39	Gene5	104	141	38	48	47.4088	null2_104	105	0.13625	1	1.5515	100	100	1	0
2	39	Gene5	104	141	38	48	47.4088	null2_105	106	0.30575	1	1.38832	100	100	1	0
2	39	Gene5	104	141	38	48	47.4088	null2_106	107	0.448	1	0.900506	100	100	1	0
2	39	Gene5	104	141	38	48	47.4088	null2_107	108	0.49825	1	0.00836708	100	100	1	0
2	39	Gene5	104	141	38	48	47.4088	null2_108	109	0.306	1	0.624879	100	100	1	0
2	39	Gene5	104	141	38	48	47.4088	null2_109	110	0.04925	1	0.313403	100	100	1	0
2	39	Gene5	104	141	38	48	47.4088	null2_110	111	0.4475	1	0.388932	100	100	1	0
2	39	Gene5	104	141	38	48	47.4088	null2_111	112	0.35575	1	0.129753	100	100	1	0
2	39	Gene5	104	141	38	48	47.4088	null2_112	113	0.01275	1	1.8632	100	100	1	0
2	39	Gene5	104	141	38	48	47.4088	null2_113	114	0.36175	1	0.000361134	100	100	1	0
2	39	Gene5	104	141	38	48	47.4088	null2_114	115	0.16475	1	0.132418	100	100	1	0
2	39	Gene5	104	141	38	48	47.4088	null2_115	116	0.234	1	0.180516	100	100	1	0
2	39	Gene5	104	141	38	48	47.4088	null2_116	117	0.48225	1	0.00033825	100	100	1	0
2	39	Gene5	104	141	38	48	47.4088	null2_117	118	0.05575	1	0.445362	100	100	1	0
2	39	Gene5	104	141	38	48	47.4088	null2_118	119	0.376	1	2.77972	100	98	0.980198	0
2	39	Gene5	104	141	38	48	47.4088	null2_119	120	0.30625	1	0.0318576	100	100	1	0
2	39	Gene5	104	141	38	48	47.4088	null2_120	121	0.499	1	0.00550419	100	100	1	0
2	39	Gene5	104	141	38	48	47.4088	null2_121	122	0.0725	1	0.853208	100	100	1	0
2	39	Gene5	104	141	38	48	47.4088	null2_122	123	0.2445	1	0.00183532	100	100	1	0
2	39	Gene5	104	141	38	48	47.4088	null2_123	124	0.098	1	0.395133	100	100	1	0
2	39	Gene5	104	141	38	48	47.4088	null2_124	125	0.30525	1	0.488313	100	100	1	0
2	39	Gene5	104	141	38	48	47.4088	null2_125	126	0.33475	1	0.166036	100	100	1	0
2	39	Gene5	104	141	38	48	47.4088	null2_126	127	0.16975	1	0.431677	100	100	1	0
2	39	Gene5	104	141	38	48	47.4088	null2_127	128	0.36725	1	0.0433258	100	100	1	0
2	39	Gene5	104	141	38	48	47.4088	null2_128	129	0.42925	1	0.0757646	100	100	1	0
2	39	Gene5	104	141	38	48	47.4088	null2_129	130	0.23025	1	0.0241065	100	100	1	0
2	39	Gene5	104	141	38	48	47.4088	null2_130	131	0.466	1	1.71276	100	100	1	0
2	39	Gene5	104	141	38	48	47.4088	null2_131	132	0.4075	1	0.316339	100	100	1	0
2	39	Gene5	104	141	38	48	47.4088	null2_132	133	0.40975	1	0.0397438	100	100	1	0
2	39	Gene5	104	141	38	48	47.4088	null2_133	134	0.49175	1	0.0575178	100	100	1	0
2	39	Gene5	104	141	38	48	47.4088	null2_134	135	0.01725	1	2.08166	100	100	1	0
2	39	Gene5	104	141	38	48	47.4088	null2_135	136	0.13925	1	3.06405	100	98	0.980198	0
2	39	Gene5	104	141	38	48	47.4088	null2_136	137	0.06825	1	0.814161	100	100	1	0
2	39	Gene5	104	141	38	48	47.4088	null2_137	138	0.3615	1	0.335088	100	100	1	0
2	39	Gene5	104	141	38	48	47.4088	null2_138	139	0.051	1	0.682638	100	100	1	0
2	39	Gene5	104	141	38	48	47.4088	null2_139	140	0.2365	1	1.00062	100	100	1	0
2	39	Gene5	104	141	38	48	47.4088	null2_140	141	0.4095	1	0.726327	100	100	1	0
2	39	Gene5	104	141	38	48	47.4088	null2_141	142	0.35575	1	0.0806948	100	100	1	0
2	39	Gene5	104	141	38	48	47.4088	null2_142	143	0.088	1	0.0166476	100	100	1	0
2	39	Gene5	104	141	38	48	47.4088	null2_143	144	0.03925	1	0.497384	100	100	1	0
2	39	Gene5	104	141	38	48	47.4088	null2_144	145	0.06675	1	0.157804	100	100	1	0
2	39	Gene5	104	141	38	48	47.4088	null2_145	146	0.456	1	3.96108	100	90	0.90099	1
2	40	Gene6	141	173	33	40	39.6085	null2_135	136	0.13925	1	3.06405	100	96	0.960396	0
2	40	Gene6	141	173	33	40	39.6085	null2_136	137	0.06825	1	0.814161	100	100	1	0
2	40	Gene6	141	173	33	40	39.6085	null2_137	138	0.3615	1	0.335088	100	100	1	0
2	40	Gene6	141	173	33	40	39.6085	null2_138	139	0.051	1	0.682638	100	100	1	0
2	40	Gene6	141	173	33	40	39.6085	null2_139	140	0.2365	1	1.00062	100	100	1	0
2	40	Gene6	141	173	33	40	39.6085	null2_140	141	0.4095	1	0.726327	100	100	1	0
2	40	Gene6	141	173	33	40	39.6085	null2_141	142	0.35575	1	0.0806948	100	100	1	0
2	40	Gene6	141	173	33	40	39.6085	null2_142	143	0.088	1	0.0166476	100	100	1	0
2	40	Gene6	141	173	33	40	39.6085	null2_143	144	0.03925	1	0.497384	100	100	1	0
2	40	Gene6	141	173	33	40	39.6085	null2_144	145	0.06675	1	0.157804	100	100	1	0
2	40	Gene6	141	173	33	40	39.6085	null2_145	146	0.456	1	3.96108	100	87	0.871287	0
2	40	Gene6	141	173	33	40	39.6085	null2_146	147	0.39625	1	3.75756	100	90	0.90099	0
2	40	Gene6	141	173	33	40	39.6085	null2_147	148	0.01975	1	0.00438855	100	100	1	0
2	40	Gene6	141	173	33	40	39.6085	null2_148	149	0.0115	1	2.40358	100	100	1	0
2	40	Gene6	141	173	33	40	39.6085	null2_149	150	0.03375	1	0.568259	100	100	1	0
2	40	Gene6	141	173	33	40	39.6085	null2_150	151	0.0315	1	3.2114	100	95	0.950495	0
2	40	Gene6	141	173	33	40	39.6085	null2_151	152	0.48275	1	0.0271193	100	100	1	0
2	40	Gene6	141	173	33	40	39.6085	null2_152	153	0.20025	1	1.37971	100	100	1	0
2	40	Gene6	141	173	33	40	39.6085	null2_153	154	0.051	1	2.1262	100	100	1	0
2	40	Gene6	141	173	33	40	39.6085	null2_154	155	0.492	1	3.39166	100	95	0.950495	0
2	40	Gene6	141	173	33	40	39.6085	null2_155	156	0.43775	1	0.07805	100	100	1	0
2	40	Gene6	141	173	33	40	39.6085	null2_156	157	0.2545	1	0.0162918	100	100	1	0
2	40	Gene6	141	173	33	40	39.6085	null2_157	158	0.39425	1	1.94868	100	100	1	0
2	40	Gene6	141	173	33	40	39.6085	null2_158	159	0.01525	1	0.275945	100	100	1	0
2	40	Gene6	141	173	33	40	39.6085	null2_159	160	0.29125	1	0.965634	100	100	1	0
2	40	Gene6	141	173	33	40	39.6085	null2_160	161	0.25475	1	1.99027	100	100	1	0
2	40	Gene6	141	173	33	40	39.6085	null2_161	162	0.09225	1	0.00911169	100	100	1	0
2	40	Gene6	141	173	33	40	39.6085	null2_162	163	0.377	1	1.29689	100	100	1	0
2	40	Gene6	141	173	33	40	39.6085	null2_163	164	0.3715	1	0.642958	100	100	1	0
2	40	Gene6	141	173	33	40	39.6085	null2_164	165	0.2115	1	0.344186	100	100	1	0
2	40	Gene6	141	173	33	40	39.6085	null2_165	166	0.45925	1	1.85315	100	100	1	0
2	40	Gene6	141	173	33	40	39.6085	null2_166	167	0.1405	1	2.65881	100	100	1	0
2	40	Gene6	141	173	33	40	39.6085	null2_167	168	0.27725	1	0.0102015	100	100	1	0
2	40	Gene6	141	173	33	40	39.6085	null2_168	169	0.0105	1	5.48972	100	65	0.653465	1
2	40	Gene6	141	173	33	40	39.6085	null2_169	170	0.08475	1	0.0501242	100	100	1	0
2	40	Gene6	141	173	33	40	39.6085	null2_170	171	0.4395	1	1.42772	100	100	1	0
2	40	Gene6	141	173	33	40	39.6085	null2_171	172	0.46	1	0.439039	100	100	1	0
2	40	Gene6	141	173	33	40	39.6085	null2_172	173	0.386	1	0.088801	100	100	1	0
2	40	Gene6	141	173	33	40	39.6085	null2_173	174	0.158	1	0.158381	100	100	1	0
2	40	Gene6	141	173	33	40	39.6085	null2_174	175	0.17825	1	0.482288	100	100	1	0
